2000
450 450 1974778978
443 442 0
437 433 1
429 426 2
426 416 3
419 408 4
409 405 5
403 396 6
393 391 7
455 458 0
383 387 8
373 385 10
365 391 1415
356 386 11
349 378 10
386 377 127
345 368 11
335 363 626
325 364 626
315 364 326
313 354 326
305 366 326
295 362 117
285 364 933
277 357 804
267 356 804
390 367 66
457 443 0
398 361 66
257 360 25
248 354 347
238 351 347
235 341 347
227 334 347
227 324 32
220 316 34
212 309 35
213 299 35
352 387 12
300 374 117
218 290 153
219 280 1485
400 351 403
211 272 40
402 341 403
234 360 30
217 264 41
409 334 403
409 324 44
233 369 914
216 254 1148
224 373 914
214 244 1148
215 378 1428
212 387 1428
220 236 50
212 229 52
346 395 12
403 315 1121
212 219 478
279 347 21
396 307 1121
336 398 57
400 409 1290
217 336 32
229 232 50
410 389 5
216 395 983
211 209 478
398 297 1121
435 415 1
401 287 69
326 402 62
208 199 478
396 418 1290
403 277 71
198 198 68
193 188 1595
198 179 1595
281 337 22
204 171 1656
183 190 1595
202 161 843
398 268 71
197 152 82
190 144 84
173 193 1087
402 259 75
401 249 83
399 239 88
165 200 1087
185 135 85
155 198 1087
399 229 89
211 403 54
285 327 79
395 219 93
177 128 91
148 205 1052
385 216 1130
140 198 1052
132 204 1052
216 194 68
408 227 87
122 203 100
192 128 1425
192 128 1425
318 408 72
238 233 110
387 312 1121
224 256 46
379 207 99
117 211 98
417 228 103
168 122 606
114 196 104
112 220 112
324 373 626
425 222 103
442 408 1
163 113 114
167 103 114
382 197 96
199 121 1425
211 159 843
375 220 1130
242 241 537
401 394 7
451 435 27
188 157 599
429 213 118
318 417 151
114 186 916
433 227 113
159 96 120
385 187 96
377 229 1130
208 119 814
315 426 1545
385 177 1594
227 309 1101
245 226 1228
236 323 1749
441 437 0
442 228 133
120 178 916
210 109 658
377 312 109
111 229 567
192 113 105
150 90 120
337 407 1249
224 401 914
231 315 1101
375 321 109
140 91 1328
434 204 227
206 183 1595
380 168 247
466 441 0
214 100 884
135 100 508
229 222 65
406 267 75
432 441 0
309 434 1545
228 279 1485
220 161 1656
380 238 377
223 98 884
387 161 135
413 260 163
294 323 1306
447 236 113
228 155 1584
178 159 599
443 201 227
170 165 599
450 245 1564
450 245 1564
418 323 47
394 154 426
393 427 289
394 144 426
295 369 117
172 207 1087
172 207 1087
433 442 1
224 410 983
459 247 1564
453 440 0
444 191 156
134 82 1328
428 323 958
372 160 247
126 75 192
126 75 192
126 75 192
231 103 884
394 134 183
315 441 1545
362 159 247
202 102 658
352 154 544
120 168 916
461 465 0
372 193 125
463 255 1564
117 70 195
461 264 1564
391 124 199
446 398 264
384 116 210
391 108 210
233 409 983
397 132 183
437 320 193
438 241 113
111 61 208
403 150 426
409 354 403
379 247 377
424 447 187
236 94 856
369 247 377
369 247 377
439 182 688
413 218 103
239 84 856
369 375 10
419 267 71
382 360 15
382 360 15
455 395 264
395 99 213
391 89 213
442 172 191
342 157 203
168 216 185
397 81 234
464 394 264
469 402 1514
334 163 718
300 428 723
453 187 191
323 445 1545
381 396 6
380 178 135
410 263 163
249 84 856
225 191 735
117 60 208
290 432 723
472 250 1387
367 310 147
237 157 1584
249 74 169
411 144 426
416 453 222
406 453 258
391 286 61
327 155 737
474 259 1387
382 83 346
464 410 190
386 434 289
365 218 1130
183 118 91
255 66 249
475 439 159
450 166 191
395 402 6
247 59 223
202 184 1595
202 184 1595
455 157 191
122 51 878
160 167 694
455 147 270
116 42 251
327 415 151
447 175 191
476 268 207
358 315 371
283 439 165
235 272 1808
290 313 1306
457 137 270
470 466 9
419 438 187
372 86 212
363 300 1788
113 238 567
244 270 1808
244 270 1808
470 386 119
461 128 275
466 119 296
225 419 1090
245 49 228
479 389 240
462 190 176
459 179 244
455 196 1167
236 284 1037
134 69 320
254 369 29
461 109 480
236 44 272
463 99 480
274 444 284
227 293 1101
299 309 1306
228 212 162
377 428 265
470 195 1305
470 110 590
260 74 228
328 145 237
371 295 61
156 82 134
457 273 666
355 324 371
454 93 307
121 33 251
441 454 0
335 373 626
132 109 508
228 181 1251
271 434 252
444 327 958
428 404 70
375 120 210
176 221 76
123 34 279
400 122 215
318 140 318
154 117 1500
355 219 125
397 457 259
397 457 259
387 456 259
156 157 694
292 380 992
253 43 868
432 404 70
383 101 199
260 350 804
260 350 804
455 256 1564
245 162 511
356 292 319
319 454 780
309 458 780
262 41 1216
319 381 326
219 302 1101
158 72 1626
310 133 336
167 70 757
159 221 90
381 464 339
459 84 309
464 377 211
307 467 780
308 123 660
244 327 347
225 227 55
315 364 326
359 376 11
246 216 65
345 325 621
241 91 856
302 318 999
158 230 333
113 247 567
461 74 362
388 268 260
366 124 332
339 381 13
339 381 13
307 418 107
405 400 5
230 36 308
315 141 1084
328 458 623
251 320 1749
149 234 333
452 68 362
477 277 1298
117 80 192
298 299 1306
352 209 266
182 213 56
240 415 395
261 437 329
232 26 299
244 288 1037
362 82 528
342 211 266
268 452 284
355 282 319
414 462 325
407 359 66
267 32 454
122 109 508
141 240 865
455 230 1495
455 230 1495
478 199 1305
469 68 1117
404 100 335
404 100 335
239 75 169
485 266 262
218 119 814
360 332 154
112 27 1337
321 349 16
459 282 666
215 423 1090
448 58 1804
419 470 325
120 239 567
261 459 400
131 28 558
391 169 1594
276 322 79
220 203 478
257 89 856
116 158 441
407 158 135
379 154 170
335 321 621
173 217 76
347 297 319
258 452 400
389 247 895
359 247 377
389 117 199
445 155 226
130 178 684
165 131 606
477 472 288
276 31 454
332 446 1545
229 75 169
112 110 855
368 336 154
337 300 433
132 18 1419
300 474 364
353 87 528
245 206 108
264 62 256
459 167 302
381 92 346
453 323 1379
290 471 364
430 332 1073
123 62 195
367 423 265
300 116 358
113 256 423
247 234 1228
412 276 563
327 170 718
128 244 567
128 244 567
455 372 967
476 74 1117
318 455 780
277 454 243
222 23 308
339 201 266
366 383 10
272 312 427
222 430 870
216 226 55
451 334 656
451 126 1201
143 225 1052
121 118 508
255 467 1731
364 279 1788
215 437 1090
463 89 309
220 38 308
307 147 1084
254 310 476
211 368 45
441 464 325
241 424 329
344 192 392
348 202 266
375 472 361
387 205 96
362 189 125
219 76 146
443 49 1804
303 106 819
304 137 384
442 39 421
283 478 523
419 480 491
345 94 528
345 94 528
391 231 89
148 125 342
413 103 1008
177 70 757
237 182 1251
216 28 487
217 128 167
242 36 299
251 440 395
251 440 395
418 383 331
483 190 1305
225 197 313
468 177 302
442 71 388
432 39 499
311 475 780
322 131 660
414 250 171
460 336 656
115 265 423
369 111 332
258 98 856
143 249 865
291 461 364
360 226 136
263 106 1321
124 82 1328
299 289 1366
399 174 1594
229 263 1485
348 334 621
446 463 9
300 410 107
478 286 1298
357 307 254
357 307 254
355 166 497
124 11 1419
283 374 933
443 473 539
443 319 216
146 258 632
462 320 1379
466 186 301
126 104 508
425 31 522
263 22 404
244 308 489
458 118 296
415 489 491
136 59 834
338 438 1249
399 369 66
188 199 1595
471 370 211
404 302 1121
326 122 660
349 247 438
416 160 431
134 229 609
134 49 357
226 123 814
460 62 1804
295 279 391
405 181 646
450 245 1564
248 28 514
145 267 1205
145 267 1205
145 267 1205
220 370 45
290 112 462
231 426 395
245 471 483
223 13 396
183 108 267
446 342 656
416 25 553
262 375 343
290 424 991
254 288 476
365 472 361
469 132 275
469 132 275
295 142 501
186 153 599
414 182 646
373 355 231
373 355 231
436 160 226
382 353 231
188 174 1595
408 31 553
467 54 1804
461 328 1379
190 100 583
471 264 1387
111 274 1285
170 151 1014
481 463 0
158 214 90
161 209 1087
401 23 585
468 167 520
287 286 391
111 122 855
232 244 110
167 60 1204
214 37 487
203 129 903
273 371 546
132 119 508
181 144 593
330 345 16
345 217 266
356 477 589
320 177 718
319 434 1545
349 378 369
413 398 5
403 190 99
261 40 868
261 40 868
330 355 16
150 242 333
130 207 1052
114 283 1285
437 30 522
424 19 635
338 458 623
478 363 295
416 93 1008
117 99 792
285 120 462
346 256 1559
329 198 392
406 14 585
344 361 626
412 208 89
164 79 757
320 202 1577
131 3 545
119 51 251
444 91 1316
214 345 31
488 392 300
395 447 259
431 311 180
456 362 967
456 362 967
215 128 167
235 473 581
326 135 945
326 135 945
326 135 945
239 214 108
116 237 567
310 178 643
449 284 809
212 190 68
395 277 61
395 277 61
257 476 1731
308 97 564
485 75 1117
487 285 1298
252 441 395
423 184 227
123 10 1419
397 271 71
401 448 289
401 448 289
234 118 884
112 292 1285
461 200 1128
461 200 1128
145 199 1052
285 142 592
126 127 508
280 383 1175
420 203 227
315 464 780
119 126 1143
459 352 656
258 448 400
413 134 431
169 183 1087
260 444 400
423 185 688
231 65 169
384 470 402
403 221 89
391 23 600
161 51 1204
306 168 1084
315 210 1577
110 301 1285
117 307 1285
443 22 502
233 195 313
233 195 313
215 324 33
316 219 1577
120 316 705
279 278 391
342 351 978
483 480 288
443 388 119
409 481 402
380 199 496
347 182 497
114 324 705
382 367 15
369 114 528
447 238 113
321 423 1545
423 460 325
284 35 801
284 35 801
288 26 801
393 466 402
105 329 681
455 51 1804
170 86 583
261 469 1731
388 92 346
400 438 289
213 209 59
341 173 497
341 173 497
99 337 1044
472 448 0
232 10 396
388 243 895
388 243 895
489 256 253
446 12 706
429 470 491
429 470 491
441 125 1201
477 173 520
94 345 1044
465 141 275
445 309 216
445 309 216
306 220 1577
483 400 240
483 400 240
148 217 1052
180 98 583
92 354 738
85 361 749
75 360 1389
356 487 698
69 368 1569
223 346 31
223 346 31
62 375 762
126 305 1285
126 305 1285
276 41 1216
301 271 535
293 35 801
58 384 805
395 183 99
55 393 771
154 268 1205
154 268 1205
399 477 402
479 409 1514
431 123 1226
56 402 1405
341 467 623
447 481 539
356 497 761
431 461 325
431 461 325
489 458 739
145 61 320
345 326 621
185 89 583
385 246 895
226 28 308
55 411 773
148 108 337
148 108 337
148 108 337
277 268 535
64 411 1405
442 21 502
70 418 1153
317 95 564
381 23 836
268 47 1216
464 154 270
285 16 444
287 354 1086
66 354 1389
373 29 836
301 155 1084
349 102 528
460 310 1379
45 408 773
180 137 620
230 353 347
353 239 438
205 147 80
466 344 562
449 112 556
323 164 718
323 164 718
323 131 660
56 354 1569
157 277 1205
479 399 240
64 426 791
139 237 567
277 135 592
277 135 592
470 44 1804
446 362 715
414 342 403
212 23 473
441 276 666
205 105 658
220 48 299
144 81 150
144 81 150
398 27 600
221 107 884
390 482 402
277 149 592
318 481 780
165 272 1205
262 384 1250
218 178 1251
423 304 180
68 435 823
60 441 823
475 341 562
484 344 562
468 207 1305
475 457 0
457 237 1387
98 361 749
365 36 806
191 211 56
124 136 1143
253 106 1321
335 132 945
214 187 1251
327 303 999
327 303 999
356 145 544
339 243 438
364 360 720
368 481 698
166 234 333
50 345 1622
50 345 1622
249 68 228
76 440 823
242 434 515
84 445 845
86 454 869
464 273 666
464 273 666
439 113 1008
42 338 1622
475 378 295
143 70 834
489 335 1120
371 156 247
371 156 247
445 144 440
50 443 1540
244 118 1321
272 331 60
79 415 1153
264 115 1321
32 337 1622
395 378 66
348 313 433
348 313 433
464 160 302
472 207 1305
320 104 564
389 258 377
358 28 806
261 302 476
258 27 344
258 27 344
473 119 590
399 480 402
308 292 1306
212 154 843
212 154 843
145 263 1205
197 218 56
362 92 528
350 34 853
434 94 1008
474 128 590
382 447 654
277 258 612
423 340 1073
249 377 842
35 405 810
141 188 1192
248 431 395
248 431 395
48 379 805
48 379 805
302 38 1133
157 105 120
488 363 877
259 427 329
166 42 1343
382 280 61
316 229 1577
101 305 681
426 487 491
47 452 846
47 452 846
381 255 377
311 373 326
94 458 871
347 442 1249
376 379 15
340 416 1249
317 85 894
225 475 659
291 443 165
29 327 876
91 438 869
221 147 1584
262 313 476
355 144 544
481 209 1305
474 194 1305
72 346 1389
122 236 567
225 439 870
395 368 889
237 400 1832
107 342 719
492 448 269
22 340 876
88 415 1153
88 415 1153
440 350 469
29 317 876
340 106 528
242 315 1749
483 418 1514
456 383 211
307 203 648
284 260 535
284 260 535
450 386 264
249 456 436
373 452 341
178 170 599
292 334 22
294 347 1086
449 490 781
366 432 1308
374 304 61
190 125 1425
114 139 1143
364 366 229
450 457 0
409 241 525
345 43 1437
299 128 501
246 402 1832
96 409 1153
96 409 1153
384 471 728
144 178 1192
438 368 715
484 479 443
489 84 316
309 411 72
309 384 355
479 267 262
483 130 1651
38 374 805
133 137 1143
441 377 715
389 257 895
326 325 621
125 159 441
125 159 441
267 148 685
148 150 177
26 307 959
26 307 959
492 419 269
492 419 269
416 124 693
39 458 930
262 393 1250
262 393 1250
402 39 600
27 297 1004
178 174 599
490 183 1305
197 93 603
410 287 563
154 258 865
262 12 898
454 379 967
258 143 592
269 296 476
490 246 743
406 91 335
164 258 865
120 208 633
357 395 1415
353 358 1282
25 406 915
475 35 827
390 251 83
135 267 1018
399 243 87
271 13 404
271 13 404
305 401 107
253 295 897
482 28 1030
246 154 1584
358 484 864
119 332 711
472 354 562
92 467 872
108 311 681
108 311 681
322 411 72
277 125 825
309 31 1444
279 305 391
405 376 66
319 181 718
155 203 1087
241 5 574
26 287 1013
216 480 939
428 132 1226
339 476 623
296 371 933
344 234 438
253 34 868
253 34 868
97 475 1043
270 39 1216
478 460 0
410 444 187
138 40 1265
138 40 1265
338 448 637
36 294 1004
345 142 544
272 102 529
228 291 1101
416 355 403
175 236 333
315 39 1145
266 86 429
210 177 1251
388 204 96
89 481 1043
89 481 1043
89 481 1043
80 485 1079
471 260 1387
326 169 718
396 453 259
317 356 18
180 203 393
414 112 1008
384 490 986
232 437 870
347 52 1437
188 176 1595
222 448 1090
222 448 1090
222 448 1090
43 300 1004
488 121 910
490 206 1305
370 171 206
65 400 1405
235 328 347
16 283 1004
16 283 1004
275 484 531
35 467 1009
306 262 612
355 218 125
411 197 646
411 197 646
421 174 675
26 297 1004
26 297 1004
273 57 317
361 18 800
300 484 523
356 328 371
472 94 316
472 94 316
50 293 1140
479 372 295
395 333 403
91 307 928
28 277 1054
135 308 1222
436 10 706
452 293 809
305 492 840
451 205 1167
427 154 597
385 247 998
251 145 1002
251 145 1002
280 63 317
344 287 319
233 480 581
440 164 226
344 392 1027
445 143 440
385 177 1594
84 299 928
491 31 1609
30 267 1123
141 141 342
381 229 1130
301 47 1207
38 382 919
38 382 919
220 270 1485
70 482 1079
35 414 810
20 415 1150
140 4 450
68 390 1196
235 222 65
419 390 331
88 416 1153
326 135 945
490 212 1305
488 65 1117
337 372 626
337 372 626
345 92 528
345 92 528
24 325 941
24 325 941
290 487 523
431 217 118
431 217 118
441 210 1167
17 291 1004
309 193 648
352 189 266
352 189 266
411 444 187
300 389 992
12 341 876
128 254 467
211 358 812
346 497 1040
346 497 1040
346 497 1040
341 28 896
452 39 421
452 39 421
48 384 805
386 103 439
351 18 800
231 393 1010
411 309 1121
239 33 299
173 277 1205
173 195 1087
126 338 1402
225 197 735
225 197 735
85 370 758
293 358 1086
318 435 1545
345 280 401
345 280 401
441 145 440
290 481 523
441 311 655
178 80 757
164 248 333
132 65 878
270 66 317
130 346 1658
120 220 756
382 436 265
303 354 1086
455 10 706
215 260 1148
481 164 520
419 10 636
265 65 317
17 399 915
133 148 1003
437 424 1
305 442 200
202 116 814
151 275 1205
151 275 1205
136 259 1018
228 465 870
412 153 431
485 353 1120
237 252 1653
275 89 1076
139 268 1018
233 83 169
457 494 781
302 353 1086
129 180 916
30 257 1142
30 257 1142
297 435 723
85 380 1196
406 344 403
24 248 1142
499 180 1015
441 290 809
39 255 1142
279 356 804
453 147 275
445 426 128
333 331 621
112 333 719
357 419 461
295 401 540
217 200 735
366 208 125
193 178 1595
193 178 1595
434 340 1073
319 391 62
494 267 414
172 173 694
172 173 694
21 238 1240
171 264 1074
459 402 1514
239 109 856
317 25 1659
158 54 359
158 54 359
237 148 1584
162 176 694
342 485 1040
417 332 829
58 287 1140
245 240 1228
496 287 673
496 287 673
86 337 1044
174 254 1074
397 467 402
397 467 402
472 480 205
144 310 1454
466 431 190
372 370 720
478 101 900
232 190 1251
133 276 1230
454 151 270
454 151 270
123 281 1285
350 92 528
412 430 289
10 391 1642
134 333 1402
335 87 894
223 72 1231
272 365 24
337 122 945
490 325 848
491 296 1297
465 455 0
235 223 367
26 229 1240
432 459 325
130 94 792
226 487 1135
476 217 1495
320 310 999
320 310 999
374 428 1210
264 427 329
411 2 1215
267 401 1250
307 233 710
175 286 1191
34 224 1301
5 333 955
423 107 1008
120 246 423
325 293 859
60 484 1149
222 430 1090
265 136 826
427 382 1155
427 382 1155
427 382 1155
427 382 1155
247 298 1037
223 247 50
136 104 508
238 400 1832
214 218 478
135 354 1658
366 497 838
32 450 883
424 141 1226
428 212 227
379 174 247
120 52 460
120 52 460
460 198 1128
454 83 323
269 106 1321
335 277 1318
181 61 510
346 398 1027
43 220 1314
208 129 903
279 268 535
95 327 928
492 315 1297
250 316 1749
356 120 945
364 319 254
278 392 1175
278 392 1175
455 448 0
455 448 0
318 184 718
318 184 718
451 220 118
277 302 391
277 302 391
493 477 989
493 477 989
493 477 989
308 79 799
309 310 1306
19 221 1260
449 32 502
441 220 118
445 255 1564
413 93 509
52 215 1345
52 215 1345
242 196 663
289 134 592
127 336 1402
342 284 351
149 189 92
480 332 847
7 277 1170
7 277 1170
494 170 1499
48 257 1271
39 327 1622
301 378 992
246 278 1808
455 253 1564
324 283 1318
86 327 928
86 327 928
127 254 1224
481 42 601
281 401 1250
283 84 1229
283 84 1229
15 211 1367
492 126 1651
498 37 1159
40 440 1540
208 139 903
391 396 382
146 319 1454
80 405 1153
137 214 1052
70 380 1196
331 423 1249
48 205 1345
315 116 819
315 116 819
315 116 819
493 487 989
490 236 1495
374 490 838
50 306 1140
375 418 1308
26 471 1105
303 426 723
370 98 528
130 39 568
234 491 1135
234 491 1135
463 323 1379
463 323 1379
149 97 922
195 143 814
328 79 1793
328 79 1793
239 388 1832
276 114 641
159 139 177
95 317 928
59 309 1140
263 55 1216
263 55 1216
263 55 1216
263 55 1216
337 77 452
22 445 1399
397 8 644
166 66 1204
435 148 1136
302 177 1357
387 81 733
291 49 1133
291 49 1133
221 137 1584
50 486 1319
50 486 1319
118 119 855
154 324 1454
154 324 1454
345 10 1114
137 127 508
153 286 1222
295 39 1444
373 439 265
452 445 0
42 196 1407
17 476 1416
17 476 1416
17 476 1416
378 268 1788
445 298 809
247 280 588
212 446 1093
283 344 804
62 443 845
494 220 1158
333 215 392
37 187 1458
160 33 701
431 291 844
288 389 1175
31 178 1470
286 452 364
440 29 502
440 29 502
475 368 877
475 368 877
157 333 1402
475 77 1117
25 169 1474
372 458 361
144 300 1454
248 279 588
46 283 1271
302 410 991
428 441 187
428 441 187
475 295 1298
229 302 1101
149 2 1152
149 2 1152
160 342 1402
469 240 1387
469 240 1387
32 168 1474
464 6 1886
474 191 1305
162 148 1014
162 148 1014
336 256 1559
370 20 800
313 486 840
39 284 1271
119 187 1234
145 206 1052
339 304 433
385 279 61
361 362 1282
365 317 154
345 424 1249
345 424 1249
461 422 190
311 88 799
129 138 1143
161 351 1402
161 351 1402
140 300 1222
400 283 61
400 283 61
361 298 1788
459 237 1387
463 76 1340
495 305 1349
495 305 1349
495 305 1349
31 434 810
244 14 574
244 14 574
244 14 574
148 51 786
289 290 391
486 367 877
325 346 631
160 292 1191
444 134 1201
444 134 1201
289 60 1207
43 417 810
367 433 1308
197 107 1221
441 135 1201
397 155 426
335 427 1512
256 121 1321
11 239 1240
489 328 1379
489 328 1379
489 328 1379
489 328 1379
29 418 810
250 421 924
250 421 924
345 233 438
364 490 864
364 490 864
290 268 535
350 287 319
350 287 319
115 155 1000
332 96 894
398 316 1121
431 274 1242
227 45 299
156 42 701
1 241 1547
187 219 906
78 343 1389
22 159 1497
359 23 1503
82 406 1153
10 418 1151
8 408 1029
231 292 1101
178 295 1191
334 235 438
80 352 1569
15 169 1474
29 368 995
29 368 995
383 187 122
220 382 1428
233 172 328
7 175 1474
343 272 1559
343 272 1559
190 63 510
415 83 1371
194 147 84
276 409 1393
28 218 1301
431 112 1008
397 202 99
199 193 73
199 193 73
372 276 1788
402 382 66
402 382 66
138 363 1658
138 363 1658
138 363 1658
56 206 1372
470 240 1387
358 101 528
159 238 865
159 238 865
348 61 1437
490 55 1159
461 222 1495
61 219 1345
464 249 1387
144 47 1265
436 103 1593
436 103 1593
357 208 266
245 171 511
91 490 1079
91 490 1079
163 322 1454
397 262 83
56 350 805
13 159 1579
314 15 1048
441 497 973
177 92 757
253 385 1832
494 230 1468
85 350 749
85 350 749
21 149 1497
467 419 1514
467 419 1514
467 419 1514
186 290 1191
121 255 1317
18 139 1497
152 346 1402
307 7 1624
304 297 1366
495 160 1214
19 369 1580
286 496 523
279 383 1473
371 408 1415
0 415 1573
189 121 1425
170 49 1343
24 131 1826
24 131 1826
470 149 892
156 129 1500
268 263 712
157 184 1192
168 292 1191
221 187 1251
315 264 1106
148 338 1402
316 48 1426
450 403 264
235 275 1485
43 246 1243
251 52 868
161 157 277
161 157 277
161 157 277
8 140 1623
324 40 1608
451 0 1212
296 20 727
29 122 1649
286 40 801
298 453 364
355 179 497
376 254 377
430 479 491
349 309 433
3 383 1642
490 467 1064
401 0 1310
463 225 1495
390 412 63
437 475 491
150 77 320
12 443 1438
30 112 1649
46 236 1662
142 277 1205
486 427 269
243 492 1135
403 105 335
403 105 335
331 291 449
226 92 884
226 92 884
446 261 1564
432 232 113
432 232 113
317 100 894
317 100 894
56 277 1271
436 194 156
46 278 1271
122 147 1561
269 380 1644
142 290 1222
225 375 49
225 375 49
411 414 1290
128 364 1208
28 102 1686
1 268 1380
463 109 297
143 371 1638
313 57 1426
183 281 1191
66 301 1140
26 92 1711
231 165 1584
325 464 780
27 82 1718
330 177 718
330 177 718
330 177 718
307 242 1312
307 242 1312
479 346 1042
481 489 1279
481 489 1279
56 283 1271
281 466 364
435 299 1463
488 178 1499
313 160 1084
139 342 1402
62 198 1603
134 254 530
362 149 544
362 149 544
271 253 1653
39 161 1497
121 28 1419
7 451 1685
18 105 1637
248 391 1832
388 186 1594
39 228 1687
354 348 1028
244 342 347
45 168 1458
45 168 1458
425 96 1316
51 460 930
487 103 1283
462 117 480
424 1 1215
434 32 499
434 32 499
269 309 476
356 317 371
401 211 699
401 211 699
252 81 856
232 448 870
449 282 666
264 446 310
264 446 310
264 446 310
50 332 1622
224 485 1135
212 141 1584
302 354 1211
303 184 1051
270 472 1731
270 472 1731
172 324 1620
237 210 1154
158 3 1152
154 268 1018
154 268 1018
483 140 1651
483 140 1651
344 131 945
447 499 973
447 499 973
447 499 973
140 113 508
385 294 61
46 154 1741
36 151 1741
36 151 1741
9 365 1642
326 96 894
326 96 894
241 373 914
9 219 1367
184 203 393
142 349 1658
136 378 1600
493 45 1609
27 72 1721
168 235 333
168 235 333
459 79 486
320 492 840
147 379 1638
330 205 474
270 275 712
298 482 523
292 299 391
292 299 391
179 330 1776
465 63 1804
213 13 830
153 305 1454
63 270 1271
216 95 884
356 300 319
345 162 544
239 180 511
156 382 1638
406 354 403
14 407 1151
26 348 876
337 54 1608
26 152 1497
465 249 1387
19 120 1637
19 120 1637
19 120 1637
46 432 1540
269 397 1353
269 397 1353
421 116 1008
253 330 347
253 330 347
253 330 347
422 374 517
495 295 1525
69 190 1736
178 179 1092
35 67 1721
298 463 364
13 383 1642
442 404 119
320 64 1426
297 417 991
278 72 317
389 29 836
253 345 347
218 465 1093
280 487 1166
280 487 1166
286 277 535
311 497 840
311 497 840
28 142 1826
65 393 1405
165 379 1806
243 382 1832
466 498 1279
77 185 1736
462 367 363
170 158 1014
10 298 1004
156 372 1638
370 183 206
14 129 1637
363 469 361
254 270 1808
254 270 1808
21 63 1721
113 7 545
116 342 1193
395 437 734
198 137 1425
198 137 1425
447 446 0
217 106 884
324 88 1793
131 334 1402
131 334 1402
111 35 1337
111 35 1337
63 188 1736
469 26 1030
36 360 805
471 231 1495
230 393 1428
74 403 1153
442 371 715
204 161 80
322 371 326
220 179 1656
304 387 992
4 267 1380
4 267 1380
396 180 1746
396 180 1746
396 180 1746
407 118 1008
319 6 1624
12 248 1102
12 248 1102
328 435 1545
328 435 1545
240 410 1832
474 393 241
143 329 1402
167 388 1821
167 388 1821
39 58 1842
329 381 326
32 197 1407
123 291 1688
12 97 1744
101 327 1044
377 287 1788
368 183 206
368 183 206
456 63 1804
456 63 1804
140 90 1328
68 261 1816
178 171 599
479 40 827
479 40 827
479 40 827
72 346 1569
72 346 1569
72 346 1569
164 397 1821
227 110 884
227 110 884
227 110 884
132 284 1688
247 290 1037
254 397 1832
254 397 1832
82 308 1122
344 243 438
344 243 438
344 243 438
381 36 1849
499 463 1679
498 334 1548
151 363 1638
169 139 606
154 264 1205
419 398 5
419 398 5
196 192 1595
152 45 701
428 348 1073
479 18 1886
254 260 1653
254 260 1653
331 301 1508
17 178 1474
260 12 554
13 266 1102
229 35 1190
398 391 127
69 205 1603
67 261 1816
388 221 507
164 173 694
74 493 1079
40 181 1458
248 100 856
162 88 1626
395 36 836
270 7 1019
406 133 219
277 145 592
20 53 1872
20 53 1872
54 368 805
138 117 508
138 117 508
233 309 1101
233 309 1101
484 199 1305
254 17 898
387 8 644
387 8 644
439 213 130
439 213 130
325 221 1577
387 441 654
387 441 654
418 345 1073
227 153 1584
162 11 1492
414 498 929
217 170 843
19 454 1333
178 339 1812
205 119 1346
