52
906
43 55 32715
34 56 1687
33 90 1751
31 100 1306
23 106 1286
17 124 1259
11 145 1223
12 155 1191
11 165 1152
16 197 1629
22 205 918
26 215 900
26 225 877
26 235 847
24 245 784
29 255 685
50 273 1741
61 285 610
80 304 1119
98 297 823
113 293 529
118 264 1547
111 257 450
114 239 419
130 219 1722
142 211 173
165 193 138
192 193 1354
207 190 1022
215 198 78
214 208 77
213 218 73
213 228 70
214 238 56
241 254 99
269 272 1376
273 282 305
287 294 1074
297 298 366
321 316 26
321 326 25
340 356 216
342 369 16
362 389 893
369 402 312
375 410 11
392 421 743
401 426 6
411 429 5
418 437 4
424 446 3
434 449 2
450 450 0
