50
927
47 57 32609
46 67 1323
30 95 1534
23 103 1141
23 113 1136
21 123 1080
23 133 1059
22 143 1057
25 153 1032
28 163 1012
30 173 975
35 191 874
40 206 838
36 215 836
33 225 820
27 239 767
35 246 752
33 263 730
36 273 568
40 283 563
44 293 549
69 305 1050
79 304 760
113 292 367
118 274 303
127 245 282
159 255 1481
165 242 903
178 215 1120
198 223 1351
212 234 520
232 254 683
244 271 148
271 285 609
277 294 33
293 301 29
301 308 27
311 313 26
320 319 25
330 340 1484
347 347 1261
360 352 1225
378 363 14
392 372 737
398 381 11
403 390 10
405 400 9
428 419 5
433 434 6
431 444 2
450 450 0
