6316
50 50 956750426
46 46 0
48 54 0
46 58 0
48 62 0
54 50 0
58 48 0
41 58 0
47 66 0
61 44 0
60 39 0
65 46 0
37 61 0
61 34 0
62 41 0
68 49 0
32 58 0
30 53 0
57 30 0
72 50 0
25 51 0
22 46 0
75 46 0
73 54 0
22 41 0
18 38 1
64 30 0
43 53 0
52 27 0
61 51 0
56 41 0
67 26 1
79 48 0
73 59 0
69 62 1
47 24 1
49 19 1
47 71 0
44 75 1
71 23 1
52 45 0
46 79 1
39 77 1
48 83 1
68 18 1
42 24 1
16 33 1
16 33 1
66 66 1
69 69 2
73 71 2
13 40 1
72 15 1
75 23 1
39 77 1
46 87 1
74 50 1
74 50 1
48 91 2
65 13 1
52 54 0
76 14 2
52 84 1
55 80 2
11 44 2
35 80 1
19 29 1
77 60 1
74 75 2
79 22 2
30 82 2
56 86 2
46 15 1
46 15 1
83 45 1
16 24 2
88 45 3
15 19 3
78 74 2
43 93 2
43 93 2
91 48 3
72 41 0
15 14 3
27 58 0
24 41 0
24 41 0
89 40 3
92 52 3
32 48 0
25 83 2
50 95 2
37 66 0
52 22 1
81 77 3
67 12 2
41 15 3
62 62 2
62 62 2
70 78 2
92 43 3
80 81 3
36 17 4
85 81 4
83 72 3
80 86 4
65 80 4
65 80 4
89 81 4
26 87 3
25 91 4
9 48 2
9 48 2
79 68 4
52 45 0
20 91 4
44 41 0
83 24 2
57 25 0
15 91 4
96 41 4
78 64 2
22 58 3
22 58 3
90 85 4
61 16 2
61 16 2
35 61 0
35 61 0
83 40 3
17 41 2
17 41 2
17 41 2
86 35 3
52 45 0
83 50 1
41 10 4
64 61 2
70 82 4
70 82 4
80 90 4
37 25 1
19 62 5
40 5 5
35 73 1
35 73 1
35 73 1
59 89 2
61 9 2
82 60 2
14 62 5
14 62 5
77 27 2
77 27 2
14 48 4
14 48 4
44 50 0
19 13 3
20 17 6
16 9 3
86 20 4
86 20 4
93 80 4
57 5 6
39 39 4
66 38 0
53 28 4
37 30 5
37 30 5
31 19 4
96 50 3
18 45 5
4 45 4
12 66 6
12 70 7
79 10 2
82 6 7
66 85 5
32 22 5
40 70 3
14 4 6
62 69 2
35 2 5
2 40 7
10 89 4
10 0 7
10 0 7
10 0 7
20 7 6
20 7 6
83 55 5
90 21 6
7 64 7
7 64 7
40 0 5
61 56 1
61 56 1
75 87 4
77 78 2
77 78 2
16 86 4
16 86 4
14 28 3
43 88 2
83 12 7
81 17 2
15 73 7
94 23 7
93 56 3
93 56 3
9 74 7
41 63 3
52 66 0
50 82 2
43 83 1
58 13 6
67 43 3
67 43 3
22 65 5
22 65 5
31 5 7
31 5 7
34 75 1
34 75 1
84 93 5
84 93 5
84 93 5
11 78 8
24 14 6
57 20 4
95 75 6
32 67 3
32 67 3
59 82 2
59 82 2
41 44 0
41 44 0
45 36 4
9 25 8
9 25 8
9 25 8
84 88 9
38 94 3
16 66 5
9 30 9
86 57 6
49 14 1
81 14 7
81 14 7
49 34 9
25 42 0
25 42 0
25 42 0
54 24 9
4 23 9
60 73 7
5 44 4
15 95 4
94 87 5
64 52 8
13 99 10
10 16 3
10 16 3
10 16 3
83 29 4
83 29 4
24 5 7
79 41 3
36 89 10
19 92 10
19 92 10
67 73 2
27 37 3
70 75 2
21 87 4
28 91 4
88 90 9
5 51 4
37 34 6
91 18 8
91 18 8
91 18 8
91 18 8
91 18 8
91 18 8
91 18 8
86 76 4
95 15 11
11 22 3
38 86 8
8 68 8
8 68 8
11 34 10
11 34 10
69 44 0
21 86 3
13 57 6
79 84 8
20 10 9
4 76 8
17 58 12
53 1 6
53 1 6
64 5 6
24 8 12
85 83 5
27 15 7
32 92 11
32 92 11
32 92 11
32 92 11
7 93 7
7 93 7
7 93 7
7 93 7
79 17 2
90 32 5
90 32 5
90 32 5
31 10 9
52 70 8
95 84 6
95 84 6
95 84 6
59 64 7
11 95 12
11 95 12
90 60 8
90 60 8
8 54 11
56 35 0
68 2 12
19 36 1
35 54 0
83 65 4
83 65 4
88 12 8
88 12 8
87 96 9
16 0 7
63 75 4
98 54 7
47 37 4
47 37 4
64 70 10
4 71 12
4 71 12
4 71 12
4 71 12
38 48 9
38 48 9
38 48 9
38 48 9
94 62 13
3 60 8
3 60 8
41 63 3
41 63 3
41 63 3
38 69 6
10 44 2
10 44 2
67 21 1
58 81 2
36 49 3
36 49 3
59 24 9
84 30 5
31 77 2
31 77 2
31 77 2
60 83 2
32 33 11
70 89 8
70 89 8
58 38 0
56 56 2
63 21 15
30 72 9
30 72 9
74 91 15
74 91 15
12 18 3
13 45 7
13 45 7
34 40 6
82 94 5
28 11 9
74 50 1
74 50 1
74 50 1
88 13 11
19 2 11
39 51 13
75 95 15
75 95 15
87 53 3
87 53 3
87 53 3
87 53 3
87 53 3
60 48 0
30 86 11
30 86 11
91 66 14
12 52 13
12 52 13
69 7 3
57 59 13
57 59 13
58 30 13
35 98 10
86 68 4
86 68 4
20 53 5
79 89 8
94 40 3
94 40 3
82 1 7
82 1 7
20 96 11
78 54 0
47 99 3
47 99 3
59 76 15
90 17 11
13 27 10
13 27 10
98 18 11
98 18 11
74 83 5
74 83 5
74 83 5
74 83 5
74 83 5
74 83 5
74 83 5
73 66 2
73 66 2
25 19 12
19 16 3
87 27 13
96 10 11
78 97 16
78 97 16
78 97 16
73 81 4
73 81 4
79 53 1
7 79 12
7 79 12
97 90 10
97 90 10
97 90 10
64 37 0
85 32 13
8 73 12
8 73 12
8 73 12
8 73 12
27 76 15
48 1 12
8 60 14
47 86 2
11 9 6
11 9 6
11 9 6
11 9 6
11 9 6
11 9 6
11 9 6
31 87 11
35 44 3
43 62 0
91 99 14
91 99 14
91 99 14
74 31 6
74 31 6
67 39 3
67 39 3
67 39 3
98 61 14
92 35 17
92 35 17
92 35 17
92 35 17
92 35 17
66 20 1
24 62 5
24 62 5
33 49 0
3 57 19
3 57 19
37 6 7
43 53 0
43 53 0
16 57 5
16 57 5
16 57 5
16 57 5
92 42 3
92 42 3
17 82 12
24 41 0
76 57 0
44 31 10
44 31 10
44 31 10
36 46 9
36 46 9
0 47 7
0 47 7
0 47 7
0 47 7
0 47 7
0 47 7
0 47 7
0 47 7
0 47 7
28 63 20
8 73 12
97 70 9
97 70 9
29 48 0
29 48 0
29 48 0
29 48 0
84 15 6
84 15 6
51 33 13
47 42 1
47 42 1
97 79 9
96 33 20
96 33 20
97 36 17
97 36 17
97 36 17
60 93 6
60 93 6
54 49 1
85 62 13
85 62 13
85 62 13
85 62 13
52 60 0
52 60 0
52 60 0
28 72 15
28 72 15
28 72 15
50 60 0
6 10 19
76 62 18
2 91 12
89 7 14
90 76 9
70 45 0
5 1 7
5 1 7
85 17 16
73 18 1
18 50 6
97 45 7
97 45 7
97 45 7
21 55 12
21 55 12
21 55 12
37 74 7
12 80 20
12 80 20
8 4 19
52 10 10
5 16 10
5 16 10
85 97 16
63 0 13
98 66 20
0 74 12
74 10 7
55 95 22
70 97 16
70 35 19
70 35 19
70 35 19
70 35 19
70 35 19
70 35 19
12 5 6
13 35 2
51 98 24
51 98 24
51 98 24
87 2 23
87 2 23
10 16 3
10 16 3
65 32 24
65 32 24
95 84 6
21 87 4
21 87 4
93 28 13
8 9 23
88 71 11
94 94 18
94 94 18
94 94 18
94 94 18
94 94 18
65 91 15
91 76 4
91 76 4
63 95 25
95 56 20
75 18 2
75 18 2
75 18 2
83 42 3
83 42 3
15 98 17
15 98 17
15 98 17
15 98 17
88 90 9
88 90 9
32 65 5
85 7 14
85 7 14
85 7 14
85 7 14
85 7 14
90 26 8
90 26 8
90 26 8
55 90 24
55 90 24
29 37 16
4 48 4
4 48 4
94 57 13
0 26 10
0 26 10
0 26 10
0 26 10
0 26 10
0 26 10
18 19 3
18 19 3
2 6 23
2 6 23
98 95 25
98 95 25
85 43 3
32 27 7
32 22 5
32 22 5
1 12 23
75 44 3
75 44 3
75 44 3
75 44 3
75 44 3
75 44 3
19 95 25
92 3 23
92 3 23
2 42 21
2 42 21
2 42 21
64 77 11
64 77 11
63 90 6
67 89 7
67 89 7
67 89 7
13 76 8
38 54 1
38 54 1
35 81 12
35 81 12
35 81 12
35 81 12
41 97 10
41 97 10
9 3 23
9 3 23
59 15 9
87 26 4
6 20 23
5 64 14
42 65 7
42 65 7
42 65 7
42 65 7
38 55 1
39 81 12
39 81 12
75 92 5
75 92 5
20 16 18
15 77 20
62 27 15
51 46 0
52 5 23
52 5 23
70 11 16
78 12 24
78 12 24
69 16 3
69 16 3
69 16 3
42 68 1
17 77 8
17 77 8
89 35 3
45 5 5
45 5 5
33 14 7
33 14 7
23 73 22
23 73 22
23 73 22
23 73 22
22 78 19
22 78 19
22 78 19
86 39 29
37 58 13
37 58 13
37 58 13
37 58 13
56 53 8
56 53 8
74 94 24
74 94 24
74 94 24
74 94 24
74 94 24
74 94 24
74 94 24
74 94 24
74 94 24
74 94 24
54 73 17
36 89 12
36 89 12
36 89 12
29 62 3
29 62 3
53 10 8
97 79 9
38 90 3
31 86 11
45 71 29
45 71 29
45 71 29
0 95 23
0 95 23
0 95 23
0 95 23
77 68 18
42 48 9
42 48 9
42 48 9
42 48 9
42 48 9
46 89 3
46 89 3
33 9 9
33 9 9
33 9 9
23 33 13
50 97 24
50 97 24
32 38 15
59 9 6
59 9 6
55 5 31
55 5 31
55 5 31
82 99 18
82 99 18
42 29 1
42 29 1
35 9 30
23 68 30
23 68 30
1 17 28
1 17 28
1 17 28
87 16 7
87 16 7
74 91 15
74 91 15
74 91 15
43 36 6
43 36 6
43 36 6
43 36 6
43 36 6
91 94 14
91 94 14
91 94 14
91 94 14
3 86 23
3 86 23
59 98 24
85 29 13
42 91 10
27 46 10
44 20 1
44 20 1
77 3 17
43 19 3
43 19 3
43 19 3
66 32 18
66 32 18
66 32 18
66 32 18
66 32 18
66 32 18
66 32 18
43 0 29
41 84 2
41 84 2
91 8 14
89 25 8
89 25 8
89 25 8
89 25 8
7 57 14
47 0 29
0 0 23
0 0 23
0 0 23
0 0 23
81 37 5
34 37 15
34 37 15
34 37 15
53 10 8
26 0 11
85 57 13
85 57 13
85 57 13
19 59 20
19 59 20
19 59 20
18 81 12
7 34 10
62 23 1
62 23 1
62 23 1
62 23 1
62 23 1
62 23 1
62 23 1
62 23 1
62 23 1
49 31 6
49 31 6
49 31 6
49 31 6
49 31 6
49 31 6
49 31 6
49 31 6
49 31 6
29 53 0
29 53 0
29 53 0
54 88 2
62 16 20
50 40 14
50 40 14
50 40 14
50 40 14
50 40 14
72 4 33
72 4 33
72 4 33
72 4 33
72 4 33
72 4 33
96 0 27
58 58 4
58 58 4
58 58 4
58 58 4
58 58 4
58 58 4
34 79 1
34 79 1
53 14 8
53 14 8
53 14 8
53 14 8
53 14 8
53 14 8
14 59 5
97 79 9
74 45 0
40 73 31
66 24 29
66 24 29
66 24 29
44 21 1
50 86 2
18 52 20
52 17 9
6 37 7
6 37 7
6 37 7
95 18 8
35 9 30
33 28 15
33 28 15
33 28 15
29 96 12
29 96 12
29 96 12
29 96 12
19 72 29
19 72 29
33 59 31
5 86 7
50 91 36
50 91 36
50 91 36
50 91 36
50 91 36
50 91 36
74 26 19
31 55 3
24 93 4
24 93 4
91 35 3
3 5 23
14 12 19
93 97 27
93 97 27
32 27 6
91 27 8
91 74 25
61 74 14
38 10 4
38 10 4
38 10 4
38 10 4
38 10 4
38 10 4
81 22 6
81 22 6
81 22 6
51 76 2
89 31 18
89 31 18
89 31 18
89 31 18
89 31 18
89 31 18
89 31 18
89 31 18
89 31 18
89 31 18
89 31 18
89 31 18
89 31 18
89 31 18
55 72 17
55 72 17
2 68 28
2 68 28
2 68 28
2 68 28
38 84 28
38 84 28
38 84 28
38 84 28
69 30 1
69 30 1
37 22 7
37 22 7
37 22 7
37 22 7
90 7 14
43 93 2
43 93 2
3 70 12
3 70 12
3 70 12
3 70 12
3 70 12
3 70 12
3 70 12
83 7 7
83 7 7
32 43 3
32 43 3
9 56 16
73 0 36
65 16 15
65 16 15
65 16 15
65 16 15
69 27 39
69 27 39
79 5 7
23 49 33
23 49 33
23 49 33
23 49 33
55 43 0
32 85 11
32 85 11
32 85 11
98 59 14
98 59 14
52 3 19
44 61 0
33 14 7
33 14 7
33 14 7
48 69 8
72 6 29
73 9 16
73 9 16
73 9 16
82 85 4
98 4 37
98 4 37
98 4 37
47 9 29
47 9 29
47 9 29
47 9 29
47 9 29
92 80 5
92 80 5
1 54 11
1 54 11
1 54 11
1 54 11
65 46 0
91 57 14
91 57 14
4 96 31
4 96 31
4 28 10
4 28 10
4 28 10
4 28 10
4 28 10
4 28 10
4 28 10
4 28 10
4 28 10
4 28 10
4 28 10
4 28 10
38 19 34
38 19 34
65 58 1
42 26 1
42 26 1
42 26 1
16 66 6
92 89 33
73 71 3
98 80 13
98 80 13
98 80 13
98 80 13
97 22 38
97 22 38
99 26 44
99 26 44
99 26 44
99 26 44
99 26 44
99 26 44
99 26 44
99 26 44
69 77 2
3 82 18
3 82 18
3 82 18
3 82 18
41 36 4
70 92 24
70 92 24
70 92 24
70 92 24
70 92 24
74 31 6
74 31 6
17 31 8
17 31 8
17 31 8
68 56 1
68 56 1
2 95 12
2 95 12
95 29 44
95 29 44
95 29 44
95 29 44
58 0 6
58 0 6
58 0 6
58 0 6
58 0 6
70 84 8
70 84 8
70 84 8
85 82 5
85 82 5
85 82 5
85 82 5
85 82 5
85 82 5
85 82 5
85 82 5
85 82 5
85 82 5
24 4 7
24 4 7
71 64 23
71 64 23
71 64 23
71 64 23
46 26 32
36 60 0
36 60 0
94 23 7
51 81 39
26 55 5
26 55 5
16 66 6
22 86 4
22 86 4
81 17 2
81 17 2
81 17 2
39 29 5
39 29 5
39 29 5
39 29 5
39 29 5
22 83 35
16 72 7
16 72 7
16 72 7
16 72 7
16 72 7
16 72 7
16 72 7
16 72 7
16 72 7
16 72 7
16 72 7
74 99 24
74 99 24
48 23 1
48 23 1
48 23 1
94 21 11
94 21 11
94 21 11
94 21 11
52 59 2
52 59 2
22 55 3
22 55 3
22 55 3
22 55 3
22 55 3
51 35 36
51 35 36
60 99 25
77 18 2
8 24 28
91 7 18
49 7 29
0 21 32
72 5 33
72 5 33
60 55 30
60 55 30
12 51 13
1 34 38
7 55 11
7 55 11
7 55 11
7 55 11
7 55 11
76 43 1
64 70 10
64 70 10
64 70 10
64 70 10
9 60 12
32 19 41
32 19 41
32 19 41
76 35 35
61 85 7
61 85 7
61 85 7
61 85 7
61 85 7
61 85 7
61 85 7
61 85 7
61 85 7
61 85 7
61 85 7
70 22 1
75 80 12
75 80 12
75 80 12
48 71 39
9 88 12
9 88 12
9 88 12
9 88 12
9 88 12
9 88 12
9 88 12
9 88 12
64 99 25
64 99 25
64 99 25
64 99 25
23 15 6
23 15 6
23 15 6
7 99 43
40 33 6
40 33 6
40 33 6
40 33 6
40 33 6
40 33 6
16 24 2
16 24 2
16 24 2
16 24 2
16 24 2
16 24 2
16 24 2
42 11 43
42 11 43
59 2 12
33 21 4
33 21 4
93 12 14
93 12 14
93 12 14
93 12 14
78 44 25
78 44 25
78 44 25
40 37 4
38 5 5
38 5 5
24 98 39
76 39 3
0 86 23
0 86 23
5 72 12
5 72 12
5 72 12
5 72 12
11 94 4
11 94 4
11 94 4
5 90 33
5 90 33
26 67 21
26 67 21
26 67 21
26 7 9
88 89 33
88 89 33
88 89 33
88 89 33
88 89 33
88 89 33
84 20 8
84 20 8
84 20 8
80 59 5
80 59 5
19 92 10
19 92 10
19 92 10
8 17 12
8 17 12
18 30 8
18 30 8
18 30 8
63 66 13
22 86 4
40 97 3
40 97 3
95 67 16
95 67 16
95 67 16
95 67 16
95 67 16
95 67 16
95 67 16
95 67 16
95 67 16
95 67 16
95 67 16
95 67 16
70 51 45
70 51 45
70 51 45
10 97 10
10 97 10
72 46 0
72 46 0
72 46 0
56 17 37
56 17 37
56 17 37
56 17 37
56 17 37
56 17 37
56 17 37
56 17 37
56 17 37
56 17 37
91 35 17
91 35 17
91 35 17
4 27 9
66 56 10
99 74 21
69 7 3
13 62 50
13 62 50
21 12 12
21 12 12
21 12 12
21 12 12
21 12 12
21 12 12
0 1 39
21 0 35
21 0 35
24 19 12
16 53 16
16 53 16
16 53 16
69 38 9
69 38 9
0 49 43
0 49 43
0 49 43
0 49 43
0 49 43
0 49 43
0 49 43
0 49 43
63 39 9
59 92 26
55 70 10
55 70 10
80 28 4
80 28 4
80 28 4
40 97 3
40 97 3
40 97 3
40 97 3
42 40 9
42 40 9
79 68 4
76 5 24
76 5 24
76 5 24
96 35 17
96 35 17
58 76 2
58 76 2
58 76 2
58 76 2
58 76 2
58 76 2
58 76 2
58 76 2
58 76 2
58 76 2
58 76 2
31 41 26
31 41 26
31 41 26
27 69 9
8 41 38
8 41 38
8 41 38
8 41 38
8 41 38
36 69 9
36 69 9
36 69 9
36 69 9
36 69 9
36 69 9
36 69 9
36 69 9
36 69 9
36 69 9
36 69 9
36 69 9
36 69 9
36 69 9
43 80 1
43 80 1
43 80 1
43 80 1
6 80 12
6 80 12
6 80 12
6 80 12
6 80 12
57 70 7
57 70 7
50 92 24
50 92 24
50 92 24
50 92 24
50 92 24
50 92 24
50 92 24
50 92 24
50 92 24
50 92 24
50 92 24
37 75 2
68 53 10
68 53 10
68 53 10
62 78 9
19 67 38
19 67 38
19 67 38
50 76 1
36 5 9
36 5 9
36 5 9
17 37 2
17 37 2
17 37 2
17 37 2
17 37 2
17 37 2
17 37 2
17 37 2
17 37 2
55 85 2
55 85 2
55 85 2
55 85 2
55 85 2
99 86 13
99 86 13
99 86 13
99 86 13
99 86 13
99 86 13
32 55 30
32 55 30
32 55 30
32 55 30
32 55 30
32 55 30
32 55 30
32 55 30
32 55 30
32 55 30
32 55 30
32 55 30
32 55 30
88 86 12
53 11 10
15 35 2
15 35 2
99 99 27
99 99 27
99 99 27
99 99 27
99 99 27
99 99 27
99 99 27
99 99 27
62 20 9
4 23 26
8 17 12
8 17 12
8 17 12
11 69 8
78 30 50
21 74 29
21 74 29
28 70 9
28 70 9
28 70 9
28 70 9
28 70 9
28 70 9
23 8 16
26 78 3
26 78 3
2 69 24
2 69 24
2 69 24
2 69 24
2 69 24
14 10 6
14 10 6
14 10 6
14 10 6
14 10 6
14 10 6
14 10 6
14 10 6
14 10 6
14 10 6
0 90 33
0 90 33
0 90 33
0 90 33
0 90 33
0 90 33
82 99 18
48 10 3
17 43 1
17 43 1
17 43 1
17 43 1
17 43 1
92 46 23
92 46 23
92 46 23
92 46 23
92 46 23
61 77 9
1 39 38
99 86 13
99 86 13
33 33 6
94 5 18
6 31 12
33 94 10
33 94 10
33 94 10
26 57 39
26 57 39
26 57 39
26 57 39
74 7 7
74 7 7
74 7 7
74 7 7
74 7 7
22 87 3
28 5 13
28 5 13
92 71 54
92 71 54
92 71 54
92 71 54
18 51 42
18 51 42
18 51 42
67 67 47
67 67 47
67 67 47
63 80 7
29 53 3
29 53 3
92 70 9
9 30 8
9 30 8
9 30 8
9 30 8
18 30 8
18 30 8
18 30 8
18 30 8
38 19 4
38 19 4
25 81 30
25 81 30
25 81 30
25 81 30
19 21 56
13 85 7
26 18 9
26 18 9
26 18 9
21 84 20
21 84 20
21 84 20
21 84 20
21 84 20
21 84 20
21 84 20
65 41 0
45 49 0
45 49 0
32 68 3
32 68 3
57 3 12
57 3 12
57 3 12
0 64 14
0 64 14
12 39 60
12 39 60
37 9 5
37 9 5
37 9 5
37 9 5
82 50 16
55 80 57
55 80 57
99 86 13
99 86 13
99 86 13
98 85 44
98 85 44
98 85 44
48 10 3
48 10 3
48 10 3
48 10 3
38 42 16
54 42 36
54 42 36
54 42 36
54 42 36
49 61 8
49 61 8
49 61 8
49 61 8
49 61 8
49 61 8
49 61 8
49 61 8
49 61 8
49 61 8
49 61 8
49 61 8
49 61 8
49 61 8
57 50 49
57 50 49
19 16 3
1 39 38
47 55 1
47 55 1
47 55 1
0 63 40
0 63 40
0 63 40
0 63 40
0 63 40
0 63 40
0 63 40
0 63 40
0 63 40
0 63 40
0 63 40
0 63 40
0 63 40
7 11 10
7 11 10
7 11 10
7 11 10
97 60 25
97 60 25
93 37 3
93 37 3
93 37 3
93 37 3
22 83 35
22 83 35
46 96 3
46 96 3
46 96 3
27 33 15
27 33 15
27 33 15
27 33 15
27 33 15
27 33 15
27 33 15
27 33 15
27 33 15
27 33 15
27 33 15
27 33 15
27 33 15
27 33 15
27 33 15
12 11 10
12 11 10
12 11 10
12 11 10
12 11 10
12 11 10
12 11 10
5 19 32
5 19 32
5 19 32
6 42 7
6 42 7
6 42 7
6 42 7
50 77 2
31 14 4
95 32 13
95 32 13
95 32 13
95 32 13
95 32 13
99 13 17
99 13 17
67 2 24
67 2 24
26 7 13
26 7 13
26 7 13
26 7 13
26 7 13
26 7 13
26 7 13
26 7 13
26 7 13
73 59 47
73 59 47
73 59 47
73 59 47
73 59 47
73 59 47
73 59 47
73 59 47
73 59 47
73 59 47
73 59 47
73 59 47
73 59 47
74 70 3
74 70 3
74 70 3
74 70 3
74 70 3
74 70 3
6 29 9
6 29 9
6 29 9
6 29 9
6 29 9
6 29 9
6 29 9
6 29 9
6 29 9
61 93 33
83 7 7
83 7 7
83 7 7
83 7 7
83 7 7
83 7 7
83 7 7
83 7 7
83 7 7
2 33 38
22 83 35
22 83 35
22 83 35
22 83 35
65 37 24
29 48 0
29 48 0
29 48 0
26 97 39
26 97 39
26 97 39
45 47 0
31 66 58
31 66 58
31 66 58
31 66 58
31 66 58
86 48 3
86 48 3
86 48 3
86 48 3
86 48 3
91 57 14
91 57 14
57 16 37
57 16 37
57 16 37
57 16 37
57 16 37
57 16 37
20 53 42
20 53 42
20 53 42
20 53 42
20 53 42
25 74 30
94 30 20
94 30 20
94 30 20
94 30 20
94 30 20
69 77 4
69 77 4
69 77 4
69 77 4
69 77 4
69 77 4
69 77 4
69 77 4
69 77 4
37 25 38
60 25 17
60 25 17
60 25 17
60 25 17
60 25 17
60 25 17
60 25 17
60 25 17
60 25 17
60 25 17
60 25 17
60 25 17
60 25 17
60 25 17
79 10 7
79 10 7
34 90 10
34 90 10
34 90 10
34 90 10
34 90 10
34 90 10
34 90 10
34 90 10
34 90 10
34 90 10
46 67 28
26 91 38
26 91 38
26 91 38
26 91 38
26 91 38
26 91 38
26 91 38
26 91 38
35 4 32
35 4 32
15 40 15
15 40 15
15 40 15
15 40 15
15 40 15
15 40 15
15 40 15
15 40 15
15 40 15
15 40 15
15 40 15
97 79 13
79 32 35
79 32 35
79 32 35
79 32 35
79 32 35
79 32 35
43 3 19
43 3 19
5 94 55
5 94 55
5 94 55
5 94 55
5 94 55
5 94 55
5 94 55
5 94 55
5 94 55
5 94 55
5 94 55
5 94 55
89 25 8
89 25 8
28 38 3
28 38 3
28 38 3
28 38 3
28 38 3
28 38 3
28 38 3
28 38 3
28 38 3
28 38 3
28 38 3
28 38 3
53 33 0
53 33 0
53 33 0
53 33 0
62 23 15
62 23 15
62 23 15
62 23 15
62 23 15
62 23 15
62 23 15
62 23 15
62 23 15
62 23 15
62 23 15
19 78 48
19 78 48
19 78 48
19 78 48
19 78 48
19 78 48
19 78 48
19 78 48
19 78 48
37 12 30
55 5 31
81 62 2
66 2 16
66 2 16
66 2 16
66 2 16
66 2 16
66 2 16
66 2 16
66 2 16
66 2 16
88 90 9
86 25 6
54 94 57
29 37 15
29 37 15
29 37 15
29 37 15
59 69 13
59 69 13
59 69 13
59 69 13
59 69 13
59 69 13
59 69 13
89 6 24
89 6 24
45 47 0
45 47 0
45 47 0
90 69 54
85 94 11
85 94 11
85 94 11
85 94 11
85 94 11
85 94 11
85 94 11
85 94 11
31 17 12
31 17 12
31 17 12
31 17 12
31 17 12
31 17 12
75 20 1
38 62 0
38 62 0
38 62 0
38 62 0
57 84 2
57 84 2
57 84 2
57 84 2
57 84 2
57 84 2
57 84 2
57 84 2
57 84 2
57 84 2
57 84 2
57 84 2
57 84 2
93 63 24
93 63 24
4 68 8
79 10 7
79 10 7
79 10 7
14 25 12
14 25 12
14 25 12
14 25 12
12 93 7
12 93 7
12 93 7
34 25 6
9 83 51
95 20 11
95 20 11
95 20 11
95 20 11
95 20 11
95 20 11
95 20 11
95 20 11
17 95 4
91 93 14
91 93 14
91 93 14
91 93 14
91 93 14
46 28 44
46 28 44
46 28 44
35 35 6
35 35 6
55 67 13
55 67 13
55 67 13
4 86 23
25 68 30
25 68 30
25 68 30
25 68 30
25 68 30
25 68 30
25 68 30
25 68 30
25 68 30
25 68 30
25 68 30
25 68 30
25 68 30
25 68 30
25 68 30
25 68 30
25 68 30
25 68 30
25 68 30
25 68 30
25 68 30
69 99 51
69 99 51
3 14 23
3 14 23
3 14 23
3 14 23
3 14 23
3 14 23
3 14 23
3 14 23
3 14 23
3 14 23
23 38 13
23 38 13
93 45 5
98 64 14
96 61 26
96 61 26
62 86 28
62 86 28
62 86 28
62 86 28
60 48 0
60 48 0
60 48 0
37 30 64
37 30 64
37 30 64
44 72 7
44 72 7
44 72 7
98 54 7
98 54 7
98 54 7
98 54 7
98 54 7
88 85 10
50 28 47
50 28 47
50 28 47
50 28 47
50 28 47
86 54 43
61 93 33
73 85 15
19 50 0
0 3 23
0 3 23
29 0 65
29 0 65
44 72 29
44 72 29
44 72 29
44 72 29
44 72 29
44 72 29
85 74 3
85 74 3
58 2 24
58 2 24
89 63 22
89 63 22
89 63 22
96 48 64
96 48 64
96 48 64
96 48 64
96 48 64
96 48 64
96 48 64
96 48 64
96 48 64
96 48 64
96 48 64
15 6 19
15 6 19
21 0 47
21 0 47
21 0 47
21 0 47
21 0 47
84 3 82
84 3 82
84 3 82
84 3 82
84 3 82
84 3 82
84 3 82
84 3 82
84 3 82
84 3 82
84 3 82
84 3 82
84 3 82
84 3 82
84 3 82
84 3 82
84 3 82
84 3 82
84 3 82
84 3 82
84 3 82
84 3 82
84 3 82
24 82 30
24 82 30
24 82 30
54 9 29
54 9 29
54 9 29
26 78 2
26 78 2
26 78 2
26 78 2
26 78 2
26 78 2
26 78 2
50 5 19
50 5 19
50 5 19
50 5 19
41 55 0
41 55 0
41 55 0
41 55 0
41 55 0
41 55 0
41 55 0
41 55 0
12 51 13
81 5 7
81 5 7
18 90 8
84 33 35
84 33 35
30 86 11
30 86 11
30 86 11
30 86 11
78 21 8
80 16 2
80 16 2
80 16 2
80 16 2
80 16 2
16 67 7
88 0 27
88 0 27
88 0 27
88 0 27
14 26 2
79 55 2
79 55 2
79 55 2
79 55 2
79 55 2
79 55 2
79 55 2
14 13 10
14 13 10
99 31 46
99 31 46
99 31 46
99 31 46
99 49 23
99 49 23
99 49 23
99 49 23
99 49 23
99 49 23
31 57 31
31 57 31
31 57 31
31 57 31
31 57 31
70 87 7
70 87 7
37 11 30
37 11 30
37 11 30
37 11 30
8 62 7
8 62 7
8 62 7
8 62 7
8 62 7
8 62 7
8 62 7
8 62 7
8 62 7
8 62 7
8 62 7
8 62 7
61 22 9
23 33 11
23 33 11
23 33 11
23 33 11
23 33 11
23 33 11
23 33 11
23 33 11
65 94 45
65 94 45
65 94 45
65 94 45
28 1 47
28 1 47
28 1 47
28 1 47
28 1 47
28 1 47
28 1 47
28 1 47
28 1 47
28 1 47
28 1 47
28 1 47
72 55 60
72 55 60
72 55 60
72 55 60
68 67 14
68 67 14
68 67 14
68 67 14
68 67 14
68 67 14
21 33 45
21 33 45
21 33 45
21 33 45
53 15 8
53 15 8
53 15 8
53 15 8
53 15 8
23 69 38
23 69 38
23 69 38
0 78 45
0 78 45
0 78 45
18 50 6
18 50 6
18 50 6
52 90 37
52 90 37
4 23 26
4 23 26
4 23 26
4 23 26
4 23 26
4 23 26
4 23 26
92 12 17
78 42 3
78 42 3
5 94 55
5 94 55
5 94 55
5 94 55
5 94 55
5 94 55
5 94 55
5 94 55
18 30 8
18 30 8
18 30 8
42 21 44
42 21 44
34 17 41
34 17 41
85 34 35
85 34 35
85 34 35
85 34 35
85 34 35
85 34 35
85 34 35
89 31 18
89 31 18
89 31 18
89 31 18
95 84 6
95 84 6
95 84 6
8 47 7
8 47 7
8 47 7
8 47 7
19 75 8
19 75 8
90 81 13
90 81 13
60 33 15
60 33 15
60 33 15
60 33 15
55 75 2
19 45 1
19 45 1
19 45 1
19 45 1
19 45 1
19 45 1
19 45 1
70 34 19
70 34 19
70 34 19
70 34 19
70 34 19
70 34 19
70 34 19
70 34 19
70 34 19
0 30 43
0 30 43
0 30 43
0 30 43
0 30 43
0 30 43
7 37 12
7 37 12
63 48 0
63 48 0
92 92 18
92 92 18
92 92 18
76 79 2
59 7 12
59 7 12
59 7 12
59 7 12
59 7 12
29 81 37
29 81 37
29 81 37
29 81 37
2 52 49
2 52 49
71 94 48
83 24 6
83 24 6
83 24 6
83 24 6
5 72 12
55 48 42
55 48 42
55 48 42
55 48 42
1 32 43
1 32 43
71 14 24
71 14 24
16 67 38
16 67 38
65 10 16
65 10 16
65 10 16
96 27 8
96 27 8
96 27 8
96 27 8
42 96 17
42 96 17
77 3 17
77 3 17
77 3 17
77 3 17
77 3 17
56 47 1
56 47 1
56 47 1
56 47 1
56 47 1
56 47 1
56 47 1
56 47 1
56 47 1
56 47 1
56 47 1
56 47 1
56 47 1
56 47 1
8 64 56
8 64 56
8 64 56
8 64 56
8 64 56
8 64 56
8 64 56
8 64 56
8 64 56
8 64 56
8 64 56
8 64 56
8 64 56
8 64 56
8 64 56
8 64 56
8 64 56
8 64 56
8 64 56
8 64 56
36 65 8
36 65 8
84 6 24
84 6 24
84 6 24
84 6 24
8 35 67
8 35 67
8 35 67
50 48 0
50 48 0
50 48 0
50 48 0
50 48 0
50 48 0
50 48 0
50 48 0
50 48 0
50 48 0
50 48 0
50 48 0
50 48 0
50 48 0
80 28 4
80 28 4
80 28 4
23 4 56
23 4 56
23 4 56
23 4 56
23 4 56
23 4 56
23 4 56
23 4 56
52 3 19
52 3 19
52 3 19
52 3 19
52 3 19
89 91 82
89 91 82
89 91 82
61 9 12
61 9 12
61 9 12
61 9 12
61 9 12
61 9 12
61 9 12
61 9 12
61 9 12
61 9 12
61 9 12
61 9 12
61 9 12
61 9 12
61 9 12
61 9 12
61 9 12
53 2 46
53 2 46
69 28 39
69 28 39
69 28 39
69 28 39
69 28 39
69 28 39
69 28 39
69 28 39
43 83 1
43 83 1
43 83 1
43 83 1
43 74 1
43 74 1
43 74 1
43 74 1
43 74 1
43 74 1
30 64 53
99 31 46
99 31 46
99 31 46
99 31 46
99 31 46
12 23 3
12 23 3
12 23 3
12 23 3
12 23 3
12 23 3
12 23 3
12 23 3
12 23 3
12 23 3
12 23 3
12 23 3
12 23 3
1 39 38
1 39 38
35 89 19
35 89 19
51 23 1
92 6 18
62 36 24
62 36 24
62 36 24
35 73 14
35 73 14
35 73 14
35 73 14
35 73 14
35 73 14
35 73 14
35 73 14
35 73 14
35 73 14
35 73 14
35 73 14
35 73 14
35 73 14
35 73 14
19 78 48
19 78 48
19 78 48
19 78 48
19 78 48
53 80 39
53 80 39
53 80 39
53 80 39
53 80 39
81 0 33
81 0 33
81 0 33
81 0 33
81 0 33
81 0 33
10 44 2
10 44 2
10 44 2
10 44 2
10 44 2
64 80 15
64 80 15
64 80 15
64 80 15
64 80 15
39 16 81
39 16 81
39 16 81
0 10 27
0 10 27
0 10 27
0 10 27
0 10 27
0 10 27
0 10 27
0 10 27
0 10 27
0 10 27
65 37 24
49 74 13
49 74 13
49 74 13
49 74 13
57 11 37
57 11 37
57 11 37
57 11 37
57 11 37
3 77 45
3 77 45
3 77 45
38 10 4
85 49 3
85 49 3
85 49 3
85 49 3
85 49 3
85 49 3
85 49 3
85 49 3
85 49 3
85 49 3
85 49 3
85 49 3
24 82 30
24 82 30
24 82 30
24 82 30
85 94 11
85 94 11
85 94 11
85 94 11
85 94 11
85 94 11
85 94 11
85 94 11
85 94 11
85 94 11
85 94 11
85 94 11
46 26 1
46 26 1
63 70 2
63 70 2
63 70 2
63 70 2
63 70 2
63 70 2
63 70 2
63 70 2
63 70 2
44 16 1
44 16 1
55 60 13
55 60 13
55 60 13
55 60 13
55 60 13
55 60 13
55 60 13
55 60 13
30 95 11
5 72 12
5 72 12
5 72 12
61 26 37
61 26 37
61 26 37
61 26 37
61 26 37
61 26 37
54 99 33
54 99 33
54 99 33
54 99 33
54 99 33
54 99 33
54 99 33
80 32 50
80 32 50
80 32 50
80 32 50
80 32 50
80 32 50
80 32 50
80 32 50
80 32 50
80 32 50
20 33 86
20 33 86
20 33 86
20 33 86
20 33 86
20 33 86
20 33 86
61 9 12
61 9 12
61 9 12
61 9 12
90 69 54
82 11 26
82 11 26
82 11 26
82 11 26
22 46 10
22 46 10
22 46 10
22 46 10
22 46 10
43 5 5
43 5 5
43 5 5
91 50 16
91 50 16
91 50 16
53 15 8
53 15 8
53 15 8
53 15 8
53 15 8
53 15 8
16 99 17
16 99 17
16 99 17
16 99 17
16 99 17
16 99 17
16 99 17
16 99 17
16 99 17
16 99 17
16 99 17
16 99 17
16 99 17
16 99 17
16 99 17
16 99 17
91 2 37
91 2 37
91 2 37
91 2 37
91 2 37
91 2 37
60 15 2
60 15 2
96 27 8
86 52 114
86 52 114
86 52 114
86 52 114
86 52 114
86 52 114
86 52 114
12 23 3
14 62 12
14 62 12
14 62 12
74 86 15
74 86 15
74 86 15
74 86 15
37 65 29
37 65 29
37 65 29
37 65 29
37 65 29
14 2 7
14 2 7
9 74 7
9 74 7
9 74 7
9 74 7
9 74 7
9 74 7
9 74 7
9 74 7
9 74 7
9 74 7
9 74 7
67 95 51
31 69 6
31 69 6
42 11 3
42 11 3
39 83 28
39 83 28
39 83 28
39 83 28
39 83 28
4 5 25
42 99 70
42 99 70
26 57 20
26 57 20
26 57 20
26 57 20
26 57 20
35 35 6
35 35 6
35 35 6
35 35 6
35 35 6
35 35 6
35 35 6
35 35 6
35 35 6
35 35 6
35 35 6
35 35 6
35 35 6
6 52 4
6 52 4
6 52 4
40 90 12
40 90 12
40 90 12
40 90 12
40 90 12
69 57 1
69 57 1
69 57 1
69 57 1
69 57 1
69 57 1
69 57 1
69 57 1
69 57 1
69 57 1
69 57 1
13 71 92
13 71 92
13 71 92
13 71 92
19 21 56
19 21 56
19 21 56
19 21 56
19 21 56
19 21 56
19 21 56
19 21 56
31 43 33
45 97 3
45 97 3
49 85 36
49 85 36
49 85 36
20 37 32
20 37 32
55 65 112
64 30 1
64 30 1
81 43 1
81 43 1
81 43 1
81 43 1
81 43 1
81 43 1
81 43 1
74 36 3
74 36 3
74 36 3
74 36 3
74 36 3
74 36 3
47 23 87
47 23 87
47 23 87
47 23 87
47 23 87
88 20 81
88 20 81
88 20 81
88 20 81
88 20 81
88 20 81
88 20 81
88 20 81
88 20 81
22 2 7
22 2 7
32 76 15
32 76 15
32 76 15
32 76 15
32 76 15
32 76 15
32 76 15
32 76 15
53 28 22
53 28 22
53 28 22
53 28 22
53 28 22
53 28 22
53 28 22
53 28 22
53 28 22
53 28 22
53 28 22
53 28 22
53 28 22
53 28 22
53 28 22
53 28 22
53 28 22
53 28 22
53 28 22
53 28 22
53 28 22
53 28 22
53 28 22
53 28 22
53 28 22
53 28 22
53 28 22
53 28 22
53 28 22
53 28 22
53 28 22
53 28 22
53 28 22
56 46 0
4 37 49
4 37 49
4 37 49
4 37 49
53 15 8
53 15 8
53 15 8
53 15 8
53 15 8
53 15 8
53 15 8
53 15 8
53 15 8
53 15 8
53 15 8
53 15 8
53 15 8
53 15 8
53 15 8
53 15 8
53 15 8
53 15 8
53 15 8
53 15 8
53 15 8
53 15 8
53 15 8
61 64 81
61 64 81
61 64 81
61 64 81
61 64 81
61 64 81
61 64 81
61 64 81
61 64 81
61 64 81
61 64 81
61 64 81
61 64 81
61 64 81
4 23 26
4 23 26
46 79 1
46 79 1
46 79 1
46 79 1
46 79 1
46 79 1
46 79 1
48 62 0
48 62 0
78 52 2
78 52 2
78 52 2
78 52 2
78 52 2
53 78 57
53 78 57
53 78 57
53 78 57
53 78 57
53 78 57
53 78 57
53 78 57
53 78 57
53 78 57
53 78 57
77 96 16
77 96 16
77 96 16
77 96 16
77 96 16
16 71 60
16 71 60
16 71 60
37 11 30
37 11 30
37 11 30
62 45 67
62 45 67
62 45 67
62 45 67
62 45 67
62 45 67
62 45 67
21 2 35
57 94 26
57 94 26
10 97 10
10 97 10
9 88 38
9 88 38
9 88 38
98 7 65
98 7 65
5 19 32
5 19 32
5 19 32
5 19 32
5 19 32
59 29 4
4 63 40
4 63 40
4 63 40
4 63 40
4 63 40
4 63 40
92 70 9
17 43 1
77 91 16
77 91 16
77 91 16
62 23 15
62 23 15
62 23 15
62 23 15
62 23 15
62 23 15
62 23 15
12 11 10
12 11 10
71 64 23
16 67 7
16 67 7
16 67 7
16 67 7
16 67 7
73 18 1
17 95 4
17 95 4
17 95 4
17 95 4
17 95 4
98 54 7
98 54 7
98 54 7
98 54 7
98 54 7
98 54 7
98 54 7
98 54 7
98 54 7
98 54 7
73 24 42
73 24 42
73 24 42
73 24 42
73 24 42
73 24 42
73 24 42
73 24 42
73 24 42
73 24 42
35 89 10
35 89 10
35 89 10
35 89 10
35 89 10
35 89 10
35 89 10
8 24 73
8 24 73
46 45 4
46 45 4
37 23 97
37 23 97
37 23 97
37 23 97
37 23 97
37 23 97
37 23 97
47 77 8
47 77 8
47 77 8
47 77 8
47 77 8
47 77 8
47 77 8
32 99 38
32 99 38
32 99 38
32 99 38
32 99 38
32 99 38
32 99 38
32 99 38
32 99 38
32 99 38
45 95 2
45 95 2
45 95 2
45 95 2
45 95 2
45 95 2
46 14 1
46 14 1
46 14 1
46 14 1
14 77 20
14 77 20
14 77 20
14 77 20
14 77 20
64 64 1
64 64 1
57 40 0
57 40 0
57 40 0
57 40 0
57 40 0
57 40 0
57 40 0
57 40 0
57 40 0
57 40 0
46 8 52
46 8 52
46 8 52
46 8 52
46 8 52
46 8 52
46 8 52
46 8 52
46 8 52
46 8 52
46 8 52
61 9 12
25 33 86
25 33 86
25 33 86
25 33 86
25 33 86
25 33 86
25 33 86
25 33 86
25 33 86
25 33 86
25 33 86
25 33 86
25 33 86
25 33 86
25 33 86
25 33 86
25 33 86
25 33 86
25 33 86
25 33 86
25 33 86
25 33 86
25 33 86
25 33 86
78 26 4
78 26 4
78 26 4
78 26 4
18 64 6
18 64 6
18 64 6
18 64 6
18 64 6
18 64 6
18 64 6
18 64 6
18 64 6
45 52 0
45 52 0
45 52 0
45 52 0
45 52 0
45 52 0
45 52 0
45 52 0
45 52 0
15 44 2
15 44 2
15 44 2
15 44 2
15 44 2
15 44 2
15 44 2
43 62 0
43 62 0
43 62 0
43 62 0
43 62 0
65 37 24
65 37 24
65 37 24
10 14 70
10 14 70
10 14 70
91 82 10
43 74 1
43 74 1
43 74 1
79 35 91
79 35 91
79 35 91
72 70 11
72 70 11
72 70 11
72 70 11
51 18 10
51 18 10
51 18 10
51 18 10
51 18 10
51 18 10
51 18 10
51 18 10
51 18 10
51 18 10
51 18 10
69 45 3
29 52 3
29 52 3
29 52 3
29 52 3
29 52 3
4 15 70
4 15 70
4 15 70
4 15 70
4 15 70
31 35 70
31 35 70
31 35 70
31 35 70
31 35 70
31 35 70
31 35 70
1 77 59
1 77 59
1 77 59
1 77 59
1 77 59
1 77 59
1 77 59
38 77 59
38 77 59
15 52 12
15 52 12
15 52 12
96 0 27
96 0 27
96 0 27
96 0 27
96 0 27
96 0 27
96 0 27
96 0 27
96 0 27
96 0 27
96 0 27
96 0 27
96 0 27
96 0 27
96 0 27
96 0 27
96 0 27
37 4 8
37 4 8
37 4 8
42 40 9
24 73 30
24 73 30
24 73 30
24 73 30
24 73 30
18 30 8
79 35 91
23 64 5
26 43 119
26 43 119
90 59 10
69 28 39
69 28 39
69 28 39
69 28 39
69 28 39
69 28 39
8 73 12
8 73 12
8 73 12
53 36 1
53 36 1
53 36 1
53 36 1
53 36 1
53 36 1
53 36 1
21 71 60
21 71 60
21 71 60
21 71 60
33 60 106
33 60 106
33 60 106
52 44 36
52 44 36
52 44 36
52 44 36
61 68 13
61 68 13
68 2 41
56 19 10
60 1 12
60 1 12
60 1 12
60 1 12
60 1 12
60 1 12
60 1 12
60 1 12
60 1 12
60 1 12
18 64 6
11 78 8
11 78 8
11 78 8
11 78 8
11 78 8
81 0 42
81 0 42
81 0 42
81 0 42
81 0 42
49 7 29
49 7 29
49 7 29
49 7 29
49 7 29
49 7 29
49 7 29
49 7 29
49 7 29
49 7 29
49 7 29
49 7 29
49 7 29
49 7 29
49 7 29
49 7 29
49 7 29
49 7 29
49 7 29
49 7 29
77 63 18
77 63 18
77 63 18
20 6 6
68 68 47
68 68 47
68 68 47
68 68 47
82 76 3
82 76 3
82 76 3
10 89 66
10 89 66
10 89 66
10 89 66
10 89 66
86 99 19
86 99 19
86 99 19
99 74 22
99 74 22
99 74 22
99 74 22
99 74 22
99 74 22
99 74 22
99 74 22
99 74 22
99 74 22
99 74 22
99 74 22
99 74 22
99 74 22
99 74 22
94 83 22
94 83 22
50 45 22
50 45 22
50 45 22
50 45 22
50 45 22
50 45 22
50 45 22
50 45 22
50 45 22
50 45 22
50 45 22
50 45 22
50 45 22
50 45 22
50 45 22
50 45 22
50 45 22
50 45 22
50 45 22
50 45 22
0 81 33
11 34 10
11 34 10
26 48 0
26 48 0
86 52 114
86 52 114
86 52 114
86 52 114
86 52 114
86 52 114
86 52 114
86 52 114
12 14 3
12 14 3
48 91 70
48 91 70
48 91 70
48 91 70
48 91 70
48 91 70
48 91 70
48 91 70
48 91 70
48 91 70
48 91 70
48 91 70
89 37 17
89 37 17
89 37 17
89 37 17
89 37 17
89 37 17
89 37 17
89 37 17
89 37 17
89 37 17
89 37 17
89 37 17
89 37 17
89 37 17
89 37 17
89 37 17
89 37 17
89 37 17
89 37 17
88 58 22
88 58 22
76 26 19
16 89 11
16 89 11
16 89 11
16 89 11
16 89 11
16 89 11
28 91 19
28 91 19
28 91 19
28 91 19
28 91 19
28 91 19
88 65 13
88 65 13
88 65 13
88 65 13
88 65 13
88 65 13
88 65 13
88 65 13
88 65 13
88 65 13
88 65 13
88 65 13
88 65 13
88 65 13
88 65 13
88 65 13
65 82 50
65 82 50
65 82 50
65 82 50
65 82 50
65 82 50
65 82 50
65 82 50
65 82 50
7 5 23
7 5 23
7 5 23
7 5 23
7 5 23
7 5 23
80 92 18
80 92 18
26 36 3
26 36 3
26 36 3
47 31 9
47 31 9
92 62 54
92 62 54
92 62 54
92 62 54
92 62 54
92 62 54
92 62 54
92 62 54
92 62 54
92 62 54
92 62 54
92 62 54
64 27 40
64 27 40
64 27 40
64 27 40
64 27 40
18 19 3
37 28 44
37 28 44
10 8 23
73 24 42
73 24 42
73 24 42
73 24 42
30 53 20
30 53 20
30 53 20
30 53 20
30 53 20
30 53 20
30 53 20
30 53 20
30 53 20
30 53 20
30 53 20
30 53 20
30 53 20
99 40 23
99 40 23
99 40 23
72 20 1
72 20 1
72 20 1
72 20 1
72 20 1
49 2 29
32 3 88
32 3 88
32 3 88
32 3 88
32 3 88
32 3 88
32 3 88
32 3 88
32 3 88
1 18 10
1 18 10
1 18 10
32 76 15
54 88 2
54 88 2
39 77 1
39 77 1
26 45 119
26 45 119
26 45 119
26 45 119
26 45 119
26 45 119
26 45 119
26 45 119
26 45 119
41 36 11
80 67 4
80 67 4
80 67 4
80 67 4
80 67 4
80 67 4
80 67 4
80 67 4
80 67 4
80 67 4
80 67 4
80 67 4
80 67 4
65 31 0
14 4 16
14 4 16
14 4 16
14 4 16
32 32 6
32 32 6
32 32 6
32 32 6
32 32 6
32 32 6
32 32 6
32 32 6
32 32 6
32 32 6
32 32 6
32 32 6
89 6 24
89 6 24
89 6 24
89 6 24
54 34 0
54 34 0
54 34 0
54 34 0
54 34 0
54 34 0
54 34 0
54 34 0
54 34 0
54 34 0
54 34 0
54 34 0
54 34 0
54 34 0
54 34 0
54 34 0
54 34 0
54 34 0
20 35 1
37 21 1
37 21 1
37 21 1
37 21 1
37 21 1
37 21 1
37 21 1
37 21 1
27 60 0
27 60 0
27 60 0
27 60 0
27 60 0
27 60 0
27 60 0
13 90 66
13 90 66
81 17 2
81 17 2
81 17 2
81 17 2
81 17 2
81 17 2
81 17 2
81 17 2
81 17 2
81 17 2
81 17 2
81 17 2
81 17 2
81 17 2
81 17 2
81 17 2
81 17 2
81 17 2
11 60 41
85 19 8
85 19 8
85 19 8
85 19 8
85 19 8
85 19 8
85 19 8
85 19 8
85 19 8
85 19 8
85 19 8
85 19 8
75 58 0
75 58 0
75 58 0
75 58 0
75 58 0
75 58 0
75 58 0
75 58 0
75 58 0
75 58 0
75 58 0
75 58 0
75 58 0
75 58 0
87 69 4
87 69 4
79 73 4
79 73 4
79 73 4
79 73 4
79 73 4
79 73 4
79 73 4
79 73 4
79 73 4
79 73 4
81 70 17
4 10 27
4 10 27
30 89 4
30 89 4
30 89 4
30 89 4
95 10 34
95 10 34
95 10 34
95 10 34
32 76 15
32 76 15
32 76 15
32 76 15
77 8 7
77 8 7
77 8 7
77 8 7
77 8 7
77 8 7
77 8 7
6 78 8
6 78 8
6 78 8
52 66 42
52 66 42
52 66 42
52 66 42
96 73 65
96 73 65
96 73 65
88 77 4
88 77 4
88 77 4
95 51 25
95 51 25
95 51 25
95 51 25
95 51 25
95 51 25
95 51 25
48 83 1
48 83 1
48 83 1
89 59 22
89 59 22
74 45 0
74 45 0
74 45 0
74 45 0
37 25 38
37 25 38
37 25 38
82 76 4
82 76 4
43 82 2
43 82 2
43 82 2
43 82 2
43 82 2
43 82 2
43 82 2
43 82 2
43 82 2
43 82 2
6 83 51
35 4 32
35 4 32
35 4 32
35 4 32
35 4 32
35 4 32
35 4 32
35 4 32
35 4 32
35 4 32
24 93 17
24 93 17
24 93 17
24 93 17
24 93 17
24 93 17
24 93 17
19 41 0
19 41 0
19 41 0
19 41 0
19 41 0
19 41 0
19 41 0
19 41 0
19 41 0
19 41 0
19 41 0
19 41 0
19 41 0
19 41 0
19 41 0
19 41 0
19 41 0
19 41 0
74 45 3
74 45 3
74 45 3
74 45 3
72 39 24
72 39 24
72 39 24
72 39 24
4 66 67
4 66 67
4 66 67
4 66 67
4 66 67
4 66 67
4 66 67
4 66 67
4 66 67
4 66 67
4 66 67
4 66 67
4 66 67
4 66 67
4 66 67
4 66 67
4 66 67
4 66 67
4 66 67
4 66 67
4 66 67
6 52 4
41 55 0
31 50 13
31 50 13
31 50 13
31 50 13
31 50 13
24 9 9
24 9 9
24 9 9
24 9 9
24 9 9
24 9 9
24 9 9
24 9 9
24 9 9
24 9 9
24 9 9
24 9 9
24 9 9
24 9 9
24 9 9
24 9 9
52 44 36
52 44 36
21 71 60
21 71 60
21 71 60
21 71 60
68 73 135
68 73 135
68 73 135
68 73 135
68 73 135
68 73 135
31 73 19
31 73 19
31 73 19
31 73 19
31 73 19
16 63 7
16 63 7
16 63 7
16 63 7
16 63 7
16 63 7
16 63 7
16 63 7
16 63 7
16 63 7
16 63 7
16 63 7
16 63 7
1 32 43
1 32 43
1 32 43
1 32 43
1 32 43
1 32 43
1 32 43
1 32 43
1 32 43
7 18 12
7 18 12
7 18 12
7 18 12
7 18 12
76 72 4
76 72 4
76 72 4
89 91 14
89 91 14
89 91 14
89 91 14
95 23 25
95 23 25
95 23 25
95 23 25
94 23 44
94 23 44
71 57 1
71 57 1
71 57 1
71 57 1
71 57 1
71 57 1
71 57 1
71 57 1
65 53 8
65 53 8
65 53 8
65 53 8
65 53 8
65 53 8
65 53 8
65 53 8
65 53 8
65 53 8
47 0 29
47 0 29
47 0 29
47 0 29
47 0 29
47 0 29
47 0 29
72 55 60
72 55 60
72 55 60
33 86 12
33 86 12
33 86 12
33 86 12
40 75 59
16 56 17
16 56 17
16 56 17
61 56 5
24 45 1
24 45 1
71 61 118
71 61 118
71 61 118
71 61 118
71 61 118
71 61 118
12 4 7
12 4 7
19 24 2
19 24 2
19 24 2
19 24 2
19 24 2
57 75 2
57 75 2
57 75 2
57 75 2
57 75 2
57 75 2
57 75 2
57 75 2
59 64 85
59 64 85
59 64 85
59 64 85
59 64 85
59 64 85
59 64 85
85 7 8
85 7 8
48 19 3
48 19 3
48 19 3
48 19 3
48 19 3
48 19 3
48 19 3
48 19 3
48 19 3
48 19 3
48 19 3
48 19 3
48 19 3
48 19 3
48 19 3
48 19 3
48 19 3
48 19 3
48 19 3
48 19 3
48 19 3
48 19 3
25 95 11
25 95 11
35 73 14
35 73 14
35 73 14
35 73 14
35 73 14
35 73 14
35 73 14
35 73 14
35 73 14
35 73 14
23 62 53
15 35 2
15 35 2
15 35 2
15 35 2
15 35 2
15 35 2
15 35 2
15 35 2
77 91 8
77 91 8
74 13 29
74 13 29
74 13 29
74 13 29
86 68 16
86 68 16
86 68 16
86 68 16
86 68 16
86 68 16
86 92 10
86 92 10
15 52 12
15 52 12
94 40 22
94 40 22
4 7 109
4 7 109
4 7 109
89 48 16
89 48 16
8 73 157
8 73 157
8 73 157
8 73 157
8 73 157
8 73 157
8 73 157
8 73 157
8 73 157
8 73 157
8 73 157
8 73 157
8 73 157
8 73 157
8 73 157
9 88 12
9 88 12
9 88 12
9 88 12
9 88 12
9 88 12
9 88 12
9 88 12
9 88 12
64 64 1
68 63 5
68 63 5
68 63 5
26 52 21
26 52 21
26 52 21
26 52 21
26 52 21
26 52 21
26 52 21
26 52 21
26 52 21
26 52 21
26 52 21
26 52 21
26 52 21
26 52 21
26 52 21
26 52 21
26 52 21
26 52 21
26 52 21
26 52 21
84 98 16
84 98 16
84 98 16
84 98 16
84 98 16
1 71 12
1 71 12
1 71 12
1 71 12
1 71 12
1 71 12
1 71 12
1 71 12
1 71 12
1 71 12
1 71 12
1 71 12
1 71 12
1 71 12
1 71 12
1 71 12
1 71 12
1 71 12
1 71 12
1 71 12
99 31 46
99 31 46
99 31 46
99 31 46
99 31 46
14 70 7
14 70 7
56 56 48
41 55 0
41 55 0
41 55 0
41 55 0
41 55 0
41 55 0
41 55 0
41 55 0
41 55 0
41 55 0
41 55 0
41 55 0
65 41 0
65 41 0
65 41 0
65 41 0
65 41 0
65 41 0
65 41 0
12 79 20
71 86 15
39 33 32
39 33 32
39 33 32
39 33 32
39 33 32
39 33 32
39 33 32
39 33 32
39 33 32
39 33 32
39 33 32
39 33 32
39 33 32
39 33 32
39 33 32
39 33 32
39 33 32
39 33 32
39 33 32
39 33 32
39 33 32
39 33 32
39 33 32
39 33 32
39 33 32
39 33 32
85 50 7
85 50 7
85 50 7
85 50 7
85 50 7
85 50 7
85 50 7
85 50 7
85 50 7
78 47 2
78 47 2
14 56 16
14 56 16
14 56 16
61 9 12
83 45 1
83 45 1
83 45 1
83 45 1
83 45 1
83 45 1
83 45 1
83 45 1
83 45 1
42 11 43
42 11 43
42 11 43
42 11 43
42 11 43
42 11 43
42 11 43
42 11 43
42 11 43
42 11 43
42 11 43
37 93 17
37 93 17
37 93 17
37 93 17
37 93 17
37 93 17
37 93 17
37 93 17
37 93 17
37 93 17
60 4 24
4 90 51
4 90 51
4 90 51
4 90 51
4 90 51
4 90 51
4 90 51
4 90 51
4 90 51
4 90 51
4 90 51
68 67 14
68 67 14
68 67 14
68 67 14
68 67 14
68 67 14
68 67 14
68 67 14
68 67 14
58 6 90
58 6 90
58 6 90
58 6 90
58 6 90
58 6 90
58 6 90
58 6 90
58 6 90
58 6 90
58 6 90
58 6 90
72 55 60
72 55 60
72 55 60
72 55 60
77 68 18
77 68 18
73 99 18
73 99 18
73 99 18
73 99 18
73 99 18
73 99 18
73 99 18
73 99 18
73 99 18
54 58 2
54 58 2
54 58 2
54 58 2
54 58 2
3 14 23
3 14 23
3 14 23
3 14 23
3 14 23
64 74 45
64 74 45
64 74 45
64 74 45
64 74 45
64 74 45
64 74 45
64 74 45
64 74 45
64 74 45
64 74 45
64 74 45
64 74 45
64 74 45
64 74 45
57 59 4
20 88 8
20 88 8
20 88 8
89 57 16
55 28 80
55 28 80
55 28 80
55 28 80
57 94 26
57 94 26
57 94 26
57 94 26
57 94 26
57 94 26
11 60 41
11 60 41
11 60 41
11 60 41
11 60 41
11 60 41
11 60 41
59 42 123
59 42 123
59 42 123
59 42 123
59 42 123
72 75 50
72 75 50
72 75 50
72 75 50
72 75 50
35 99 54
35 99 54
35 99 54
35 99 54
35 99 54
35 99 54
35 99 54
38 85 8
38 85 8
38 85 8
38 85 8
38 85 8
38 85 8
18 19 3
18 19 3
18 19 3
18 19 3
18 19 3
18 19 3
18 19 3
18 19 3
18 19 3
18 19 3
18 19 3
18 19 3
18 19 3
64 9 16
64 9 16
64 9 16
81 70 17
81 70 17
81 70 17
81 70 17
81 70 17
81 70 17
81 70 17
81 70 17
81 70 17
81 70 17
81 70 17
81 70 17
81 70 17
81 70 17
41 58 0
41 58 0
41 58 0
41 58 0
48 62 0
48 62 0
48 62 0
48 62 0
48 62 0
48 62 0
85 34 13
85 34 13
85 34 13
85 34 13
85 34 13
85 34 13
34 60 26
34 60 26
34 60 26
34 60 26
34 60 26
34 60 26
34 60 26
34 60 26
34 60 26
34 60 26
8 98 43
8 98 43
8 98 43
70 97 16
70 97 16
70 97 16
70 97 16
70 97 16
70 97 16
70 97 16
70 97 16
70 97 16
70 97 16
70 97 16
70 97 16
70 97 16
70 97 16
70 97 16
70 97 16
70 97 16
70 97 16
70 97 16
70 97 16
5 2 7
5 2 7
5 2 7
5 2 7
37 4 8
37 4 8
37 4 8
37 4 8
68 27 1
68 27 1
68 27 1
68 27 1
68 27 1
68 27 1
68 27 1
68 27 1
68 27 1
68 27 1
68 27 1
68 27 1
68 27 1
51 61 120
51 61 120
51 61 120
51 61 120
51 61 120
51 61 120
51 61 120
51 61 120
51 61 120
51 61 120
51 61 120
51 61 120
51 61 120
51 61 120
51 61 120
51 61 120
51 61 120
51 61 120
51 61 120
51 61 120
51 61 120
51 61 120
51 61 120
51 61 120
51 61 120
65 84 5
65 84 5
65 84 5
95 99 27
10 63 12
10 63 12
10 63 12
10 63 12
10 63 12
10 63 12
10 63 12
10 63 12
81 70 17
81 70 17
81 70 17
21 89 4
21 89 4
21 89 4
4 50 4
4 50 4
4 50 4
4 50 4
4 50 4
82 90 4
82 90 4
82 90 4
82 90 4
82 90 4
65 53 0
42 88 12
42 88 12
42 88 12
42 88 12
6 78 8
6 78 8
41 42 130
41 42 130
41 42 130
41 42 130
41 42 130
41 42 130
41 42 130
41 42 130
41 42 130
41 42 130
41 42 130
41 42 130
22 95 4
45 55 0
45 55 0
45 55 0
63 51 0
63 51 0
63 51 0
63 51 0
63 51 0
63 51 0
63 51 0
63 51 0
63 51 0
63 51 0
63 51 0
73 66 5
73 66 5
73 66 5
73 66 5
26 68 138
86 44 3
86 44 3
86 44 3
86 44 3
86 44 3
86 44 3
86 44 3
86 44 3
86 44 3
86 44 3
86 44 3
86 44 3
62 10 115
62 10 115
62 10 115
62 10 115
62 10 115
62 10 115
62 10 115
62 10 115
62 10 115
62 10 115
62 10 115
62 10 115
62 10 115
62 10 115
62 10 115
62 10 115
62 10 115
95 99 27
95 99 27
95 99 27
20 96 114
20 96 114
20 96 114
20 96 114
20 96 114
20 96 114
20 96 114
64 4 16
64 4 16
64 4 16
64 4 16
64 4 16
28 1 47
28 1 47
28 1 47
9 88 12
9 88 12
9 88 12
9 88 12
9 88 12
9 88 12
8 24 28
8 24 28
65 31 0
65 31 0
65 31 0
65 31 0
65 31 0
65 31 0
65 31 0
65 31 0
85 24 11
85 24 11
85 24 11
85 24 11
85 24 11
85 24 11
85 24 11
85 24 11
85 24 11
4 50 4
4 50 4
4 50 4
4 50 4
4 50 4
4 50 4
4 50 4
4 50 4
4 50 4
9 53 4
51 68 0
69 33 19
69 33 19
69 33 19
24 45 1
15 80 66
41 55 0
41 55 0
62 60 37
62 60 37
62 60 37
62 60 37
62 60 37
62 60 37
62 60 37
62 60 37
62 60 37
62 60 37
62 60 37
62 60 37
6 27 10
6 27 10
6 27 10
6 27 10
6 27 10
6 27 10
6 27 10
6 27 10
6 27 10
10 52 12
10 52 12
10 52 12
10 52 12
99 94 18
99 94 18
99 94 18
99 94 18
99 94 18
99 94 18
99 94 18
99 94 18
99 94 18
99 94 18
99 94 18
99 94 18
99 94 18
50 81 1
50 81 1
50 81 1
50 81 1
50 81 1
49 54 48
49 54 48
49 54 48
6 78 8
6 78 8
6 78 8
1 33 65
1 33 65
93 4 37
93 4 37
93 4 37
93 4 37
93 4 37
93 4 37
93 4 37
93 4 37
93 4 37
19 78 48
19 78 48
19 78 48
19 78 48
19 78 48
19 78 48
19 78 48
19 78 48
19 78 48
19 78 48
19 78 48
19 78 48
19 78 48
19 78 48
46 45 4
46 45 4
46 45 4
46 45 4
46 45 4
46 45 4
46 45 4
46 45 4
46 45 4
46 45 4
46 45 4
46 45 4
46 45 4
46 45 4
46 45 4
46 45 4
46 45 4
49 2 29
18 45 6
18 45 6
18 45 6
18 45 6
29 92 169
29 92 169
29 92 169
29 92 169
29 92 169
29 92 169
29 92 169
29 92 169
29 92 169
29 92 169
28 5 13
28 5 13
28 5 13
28 5 13
28 5 13
28 5 13
28 5 13
28 5 13
28 5 13
28 5 13
54 24 9
54 24 9
54 24 9
54 24 9
54 24 9
54 24 9
54 24 9
54 24 9
54 24 9
54 24 9
54 24 9
32 68 6
32 68 6
10 36 58
25 0 65
25 0 65
25 0 65
25 0 65
25 0 65
25 0 65
25 0 65
25 0 65
25 0 65
25 0 65
25 0 65
25 0 65
25 0 65
25 0 65
25 0 65
25 0 65
25 0 65
25 0 65
25 0 65
25 0 65
25 0 65
25 0 65
25 0 65
25 0 65
25 0 65
25 0 65
25 0 65
25 0 65
25 0 65
25 0 65
25 0 65
25 0 65
25 0 65
25 0 65
25 0 65
2 90 53
2 90 53
2 90 53
51 23 1
51 23 1
51 23 1
51 23 1
51 23 1
51 23 1
51 23 1
51 23 1
51 23 1
51 23 1
51 23 1
51 23 1
51 23 1
51 23 1
51 23 1
51 23 1
51 23 1
51 23 1
51 23 1
32 27 6
32 27 6
32 27 6
32 27 6
32 27 6
32 27 6
32 27 6
32 27 6
20 83 8
20 83 8
20 83 8
20 83 8
20 83 8
20 83 8
20 83 8
20 83 8
20 83 8
20 83 8
20 83 8
73 66 23
73 66 23
91 93 14
91 93 14
91 93 14
91 93 14
91 93 14
91 93 14
91 93 14
91 93 14
91 93 14
63 89 7
11 90 12
11 90 12
95 71 39
95 71 39
95 71 39
95 71 39
33 59 31
33 59 31
95 84 44
95 84 44
95 84 44
95 84 44
95 84 44
95 84 44
95 84 44
95 84 44
95 84 44
95 84 44
95 84 44
95 84 44
95 84 44
95 84 44
95 84 44
95 84 44
95 84 44
83 9 14
83 9 14
83 9 14
83 9 14
83 9 14
83 9 14
83 9 14
83 9 14
83 9 14
83 9 14
83 9 14
83 9 14
83 9 14
83 9 14
83 9 14
83 9 14
83 9 14
83 9 14
83 9 14
83 9 14
83 9 14
83 9 14
83 9 14
83 9 14
85 10 23
85 10 23
85 10 23
85 10 23
85 10 23
85 10 23
85 10 23
9 15 70
38 48 9
54 58 2
54 58 2
54 58 2
54 58 2
54 58 2
54 58 2
54 58 2
54 58 2
9 74 7
9 74 7
9 74 7
9 74 7
9 74 7
9 74 7
9 74 7
9 74 7
9 74 7
6 35 74
6 35 74
6 35 74
15 80 66
15 80 66
15 80 66
72 0 13
72 0 13
72 0 13
85 24 11
85 24 11
85 24 11
85 24 11
85 24 11
85 24 11
85 24 11
85 24 11
85 24 11
84 55 6
84 55 6
84 55 6
31 17 12
7 46 11
7 46 11
7 46 11
7 46 11
7 46 11
93 97 27
93 97 27
93 97 27
93 97 27
93 97 27
93 97 27
73 66 23
73 66 23
73 66 23
73 66 23
73 66 23
73 66 23
73 66 23
73 66 23
73 66 23
73 66 23
73 66 23
73 66 23
73 66 23
29 48 0
29 48 0
0 64 14
0 64 14
0 21 71
0 21 71
3 38 49
3 38 49
3 38 49
3 38 49
3 38 49
3 38 49
3 38 49
3 38 49
3 38 49
3 38 49
67 32 74
67 32 74
67 32 74
67 32 74
67 32 74
67 32 74
67 32 74
67 32 74
99 58 25
99 58 25
99 58 25
99 58 25
99 58 25
99 58 25
99 58 25
99 58 25
99 58 25
99 58 25
99 58 25
99 58 25
99 58 25
99 58 25
99 58 25
99 58 25
99 58 25
99 58 25
99 58 25
99 58 25
33 9 9
33 9 9
33 9 9
33 9 9
33 9 9
33 9 9
33 9 9
33 9 9
17 77 8
17 77 8
17 77 8
17 77 8
17 77 8
17 77 8
17 77 8
17 77 8
17 77 8
17 77 8
17 77 8
17 77 8
40 43 14
40 43 14
40 43 14
40 43 14
40 43 14
51 58 196
51 58 196
51 58 196
11 39 99
11 39 99
11 39 99
11 39 99
11 39 99
78 31 11
78 31 11
78 31 11
78 31 11
78 31 11
78 31 11
78 31 11
78 31 11
78 31 11
78 31 11
78 31 11
13 47 7
13 47 7
14 30 12
26 91 38
26 91 38
26 91 38
26 91 38
26 91 38
26 91 38
26 91 38
13 27 9
13 27 9
14 13 15
79 89 8
79 89 8
79 89 8
79 89 8
79 89 8
79 89 8
79 89 8
79 89 8
79 89 8
79 89 8
79 89 8
79 89 8
79 89 8
79 89 8
79 89 8
79 89 8
79 89 8
79 89 8
79 89 8
79 89 8
79 89 8
79 82 50
79 82 50
79 82 50
79 82 50
30 64 53
30 64 53
30 64 53
30 64 53
30 64 53
71 73 2
71 73 2
71 73 2
71 73 2
71 73 2
71 73 2
71 73 2
71 73 2
71 73 2
25 83 16
25 83 16
25 83 16
25 83 16
25 83 16
25 83 16
25 83 16
25 83 16
25 83 16
25 83 16
25 83 16
25 83 16
25 83 16
25 83 16
25 83 16
25 83 16
25 83 16
63 4 6
63 4 6
63 4 6
63 4 6
63 4 6
63 4 6
63 4 6
63 4 6
63 4 6
63 4 6
63 4 6
63 4 6
63 4 6
63 4 6
63 4 6
63 4 6
63 4 6
63 4 6
15 6 19
15 6 19
15 6 19
15 6 19
15 6 19
15 6 19
15 6 19
15 6 19
15 6 19
15 6 19
15 6 19
15 6 19
15 6 19
15 6 19
15 6 19
15 6 19
15 6 19
15 6 19
15 6 19
15 6 19
15 6 19
15 6 19
15 6 19
29 39 10
29 39 10
29 39 10
29 39 10
29 39 10
29 39 10
29 39 10
29 39 10
38 48 9
38 48 9
38 48 9
38 48 9
38 48 9
38 48 9
38 48 9
38 48 9
38 48 9
38 48 9
38 48 9
38 48 9
38 48 9
38 48 9
38 48 9
38 48 9
38 48 9
26 67 9
26 67 9
26 67 9
37 30 64
37 30 64
37 30 64
70 27 19
87 76 4
87 76 4
87 76 4
87 76 4
87 76 4
87 76 4
87 76 4
87 76 4
87 76 4
87 76 4
87 76 4
87 76 4
87 76 4
87 76 4
99 74 21
99 74 21
99 74 21
99 74 21
99 74 21
99 74 21
99 74 21
87 67 13
87 67 13
87 67 13
87 67 13
87 67 13
87 67 13
87 67 13
87 67 13
87 67 13
87 67 13
87 67 13
87 67 13
87 67 13
10 72 12
10 72 12
10 72 12
10 72 12
10 72 12
10 72 12
97 79 13
97 79 13
97 79 13
97 79 13
97 79 13
97 79 13
97 79 13
97 79 13
97 79 13
97 79 13
97 79 13
3 14 23
3 14 23
64 68 11
64 68 11
87 47 3
87 47 3
87 47 3
87 47 3
87 47 3
87 47 3
87 47 3
87 47 3
87 47 3
87 47 3
87 47 3
87 47 3
59 24 9
59 24 9
59 24 9
59 24 9
59 24 9
59 24 9
59 24 9
59 24 9
59 24 9
59 24 9
59 24 9
82 99 18
82 99 18
82 99 18
82 99 18
82 99 18
82 99 18
82 99 18
80 36 52
80 36 52
80 36 52
80 36 52
80 36 52
80 36 52
80 36 52
64 71 2
64 71 2
64 71 2
64 71 2
64 71 2
64 71 2
64 71 2
64 71 2
64 71 2
64 71 2
64 71 2
64 71 2
64 71 2
64 71 2
64 71 2
64 71 2
64 71 2
64 71 2
64 71 2
64 71 2
64 71 2
64 71 2
64 71 2
64 71 2
64 71 2
64 71 2
64 71 2
64 71 2
64 71 2
64 71 2
64 71 2
64 71 2
64 71 2
64 71 2
64 71 2
64 71 2
64 71 2
64 71 2
64 71 2
64 71 2
64 71 2
64 71 2
64 71 2
64 71 2
64 71 2
64 71 2
97 79 9
97 79 9
97 79 9
93 1 43
93 1 43
93 1 43
93 1 43
93 1 43
93 1 43
93 1 43
93 1 43
93 1 43
78 52 2
78 52 2
78 52 2
78 52 2
78 52 2
78 52 2
78 52 2
68 74 28
68 74 28
68 74 28
68 74 28
39 33 21
39 33 21
39 33 21
39 33 21
39 33 21
39 33 21
39 33 21
39 33 21
39 33 21
39 33 21
39 33 21
13 29 12
13 29 12
13 29 12
67 32 74
67 32 74
67 32 74
49 49 134
49 49 134
49 49 134
49 49 134
49 49 134
17 95 4
17 95 4
17 95 4
17 95 4
17 95 4
17 95 4
44 13 43
44 13 43
44 13 43
44 13 43
44 13 43
44 13 43
44 13 43
44 13 43
44 13 43
44 13 43
44 13 43
44 13 43
44 13 43
44 13 43
72 29 6
72 29 6
72 29 6
72 29 6
72 29 6
72 29 6
72 29 6
72 29 6
72 29 6
72 29 6
72 29 6
72 29 6
72 29 6
72 29 6
72 29 6
72 29 6
72 29 6
72 29 6
72 29 6
72 29 6
72 29 6
72 29 6
11 86 146
69 60 44
69 60 44
69 60 44
69 60 44
69 60 44
69 60 44
50 97 24
50 97 24
50 97 24
50 97 24
50 97 24
50 97 24
50 97 24
50 97 24
50 97 24
50 97 24
50 97 24
50 97 24
50 97 24
78 12 24
78 12 24
78 12 24
78 12 24
78 12 24
78 12 24
78 12 24
78 12 24
78 12 24
78 12 24
86 20 34
86 20 34
86 20 34
86 20 34
86 20 34
86 20 34
79 71 142
79 71 142
79 71 142
79 71 142
91 29 18
91 29 18
11 90 12
11 90 12
11 90 12
78 77 2
78 77 2
78 77 2
78 77 2
78 77 2
78 77 2
78 77 2
78 77 2
78 77 2
78 77 2
78 77 2
78 77 2
78 77 2
78 77 2
78 77 2
78 77 2
78 77 2
78 77 2
78 77 2
78 77 2
78 77 2
42 45 14
42 45 14
42 45 14
42 45 14
42 11 43
42 11 43
42 11 43
1 33 65
1 33 65
1 33 65
51 61 120
51 61 120
51 61 120
51 61 120
51 61 120
86 83 10
86 83 10
86 83 10
86 83 10
86 83 10
86 83 10
86 83 10
86 83 10
86 83 10
57 30 80
57 30 80
57 30 80
57 30 80
57 30 80
57 30 80
57 30 80
57 30 80
64 59 1
64 59 1
64 59 1
92 76 22
92 76 22
92 76 22
92 76 22
92 76 22
92 76 22
92 76 22
92 76 22
92 76 22
92 76 22
92 76 22
92 76 22
92 76 22
61 22 9
61 22 9
61 22 9
61 22 9
61 22 9
61 22 9
61 22 9
61 22 9
61 22 9
61 22 9
61 22 9
61 22 9
61 22 9
57 30 80
57 30 80
57 30 80
57 30 80
57 30 80
57 30 80
57 30 80
57 30 80
57 30 80
57 30 80
57 30 80
57 30 80
57 30 80
57 30 80
57 30 80
57 30 80
57 30 80
57 30 80
57 30 80
31 60 3
31 60 3
31 60 3
31 60 3
51 65 0
51 65 0
51 65 0
51 65 0
51 65 0
51 65 0
51 65 0
34 60 26
34 60 26
34 60 26
34 60 26
34 60 26
34 60 26
34 60 26
34 60 26
34 60 26
34 60 26
34 60 26
34 60 26
34 60 26
34 60 26
34 60 26
34 60 26
34 60 26
34 60 26
65 16 15
65 16 15
65 16 15
65 16 15
65 16 15
65 16 15
65 16 15
65 16 15
76 79 2
76 79 2
76 79 2
76 79 2
76 79 2
76 79 2
76 79 2
76 79 2
76 79 2
76 79 2
76 79 2
76 79 2
20 88 8
20 88 8
20 88 8
20 88 8
20 88 8
20 88 8
20 88 8
20 88 8
20 88 8
20 88 8
20 88 8
20 88 8
20 88 8
20 88 8
9 84 23
9 84 23
9 84 23
9 84 23
9 84 23
9 84 23
9 84 23
9 84 23
9 84 23
9 84 23
9 84 23
9 84 23
9 84 23
9 84 23
9 84 23
9 84 23
9 84 23
9 84 23
9 84 23
9 84 23
9 84 23
9 84 23
9 84 23
9 84 23
9 84 23
9 84 23
38 58 8
38 58 8
38 58 8
38 58 8
38 58 8
38 58 8
38 58 8
38 58 8
38 58 8
38 58 8
32 49 13
32 49 13
32 49 13
32 49 13
32 49 13
37 26 1
37 26 1
37 26 1
37 26 1
37 26 1
37 26 1
37 26 1
37 26 1
37 26 1
37 26 1
37 26 1
37 26 1
37 26 1
37 26 1
37 26 1
37 26 1
37 26 1
37 26 1
37 26 1
67 5 101
67 5 101
67 5 101
10 75 119
10 75 119
10 75 119
10 75 119
10 75 119
93 1 43
93 1 43
93 1 43
93 1 43
93 1 43
93 1 43
93 1 43
7 59 20
7 59 20
7 59 20
7 59 20
7 59 20
7 59 20
7 59 20
7 59 20
7 59 20
7 59 20
48 72 1
48 72 1
48 72 1
48 72 1
48 72 1
48 72 1
48 72 1
48 72 1
48 72 1
48 72 1
48 72 1
48 72 1
48 72 1
48 72 1
96 9 65
96 9 65
83 81 3
83 81 3
83 81 3
41 14 81
41 14 81
41 14 81
41 14 81
41 14 81
41 14 81
68 96 51
68 96 51
68 96 51
68 96 51
68 96 51
68 96 51
68 96 51
68 96 51
68 96 51
68 96 51
68 96 51
68 96 51
68 96 51
68 96 51
68 96 51
68 96 51
68 96 51
68 96 51
68 96 51
68 96 51
68 96 51
94 23 7
94 23 7
94 23 7
26 45 119
26 45 119
26 45 119
26 45 119
26 45 119
26 45 119
48 72 1
64 20 36
64 20 36
64 20 36
64 20 36
64 20 36
64 20 36
64 20 36
64 20 36
64 20 36
64 20 36
36 65 8
36 65 8
36 65 8
20 53 167
25 67 21
25 67 21
25 67 21
25 67 21
25 67 21
25 67 21
25 67 21
25 67 21
25 67 21
36 55 0
36 55 0
36 55 0
36 55 0
36 55 0
36 55 0
36 55 0
36 55 0
36 55 0
36 55 0
36 55 0
36 55 0
36 55 0
36 55 0
36 55 0
36 55 0
36 55 0
84 9 23
84 9 23
84 9 23
84 9 23
84 9 23
84 9 23
84 9 23
69 77 4
69 77 4
69 77 4
33 53 15
69 93 28
69 93 28
69 93 28
31 73 19
90 17 11
90 17 11
90 17 11
90 17 11
90 17 11
90 17 11
90 17 11
90 17 11
90 17 11
90 17 11
90 17 11
90 17 11
90 17 11
90 17 11
42 4 8
42 4 8
42 4 8
42 4 8
42 4 8
42 4 8
42 4 8
69 45 0
69 45 0
69 45 0
69 45 0
69 45 0
62 86 28
62 86 28
62 86 28
62 86 28
62 86 28
62 86 28
62 86 28
62 86 28
62 86 28
43 5 5
43 5 5
43 5 5
43 5 5
46 26 35
46 26 35
46 26 35
46 26 35
46 26 35
46 26 35
46 26 35
46 26 35
46 26 35
46 26 35
46 26 35
46 26 35
46 26 35
46 26 35
46 26 35
30 9 53
30 9 53
30 9 53
30 9 53
30 9 53
30 9 53
30 9 53
30 9 53
53 41 139
53 41 139
53 41 139
53 41 139
53 41 139
53 41 139
97 79 13
97 79 13
44 72 7
44 72 7
44 72 7
44 72 7
44 72 7
44 72 7
44 72 7
44 72 7
44 72 7
44 72 7
44 72 7
44 72 7
44 72 7
24 82 30
24 82 30
24 82 30
24 82 30
24 82 30
24 82 30
24 82 30
24 82 30
34 72 67
25 0 65
25 0 65
25 0 65
25 0 65
25 0 65
25 0 65
25 0 65
25 0 65
25 0 65
25 0 65
25 0 65
98 14 18
98 14 18
66 94 51
66 94 51
66 94 51
66 94 51
66 94 51
66 94 51
66 94 51
66 94 51
66 94 51
66 94 51
66 94 51
66 94 51
66 94 51
96 89 99
96 89 99
96 89 99
96 89 99
96 89 99
96 89 99
96 89 99
96 89 99
96 89 99
96 89 99
71 73 2
71 73 2
38 48 9
38 48 9
38 48 9
38 48 9
38 48 9
38 48 9
38 48 9
38 48 9
38 48 9
38 48 9
83 45 1
38 42 16
38 16 34
38 16 34
38 16 34
38 16 34
38 16 34
38 16 34
10 8 23
10 8 23
10 8 23
10 8 23
10 8 23
10 8 23
10 8 23
10 8 23
10 8 23
10 8 23
10 8 23
10 8 23
10 8 23
10 8 23
10 8 23
10 8 23
10 8 23
10 8 23
86 92 10
86 92 10
86 92 10
86 92 10
86 92 10
86 92 10
86 92 10
86 92 10
86 92 10
86 92 10
86 92 10
86 92 10
86 92 10
86 92 10
86 92 10
86 92 10
86 92 10
86 92 10
86 92 10
86 92 10
86 92 10
86 92 10
86 92 10
86 92 10
86 92 10
86 92 10
86 92 10
86 92 10
86 92 10
9 15 70
9 15 70
9 15 70
9 15 70
9 15 70
9 15 70
9 15 70
9 15 70
9 15 70
81 62 2
81 62 2
81 62 2
34 69 15
34 69 15
34 69 15
34 69 15
34 69 15
34 69 15
9 84 23
9 84 23
9 84 23
9 84 23
9 84 23
9 84 23
9 84 23
9 84 23
9 84 23
9 84 23
9 84 23
9 84 23
9 84 23
9 84 23
9 84 23
9 84 23
9 84 23
9 84 23
6 52 4
6 52 4
6 52 4
6 52 4
6 52 4
6 52 4
6 52 4
6 52 4
14 2 7
44 75 1
44 75 1
44 75 1
44 13 43
44 13 43
44 13 43
44 13 43
44 13 43
21 57 47
21 57 47
21 57 47
69 7 101
69 7 101
69 7 101
99 74 22
99 74 22
99 74 22
53 28 22
53 28 22
53 28 22
53 28 22
53 28 22
53 28 22
53 28 22
53 28 22
53 28 22
88 94 19
88 94 19
88 94 19
92 47 23
92 47 23
92 47 23
92 47 23
92 47 23
92 47 23
92 47 23
92 47 23
92 47 23
92 47 23
92 47 23
92 47 23
76 79 2
76 79 2
76 79 2
76 79 2
76 79 2
76 79 2
95 23 25
95 23 25
89 6 24
89 6 24
89 6 24
89 6 24
89 6 24
94 96 62
94 96 62
94 96 62
94 96 62
94 96 62
94 96 62
94 96 62
94 96 62
94 96 62
94 96 62
16 63 7
55 28 80
55 28 80
37 25 38
37 25 38
37 25 38
37 25 38
37 25 38
37 25 38
53 15 8
53 15 8
63 51 8
63 51 8
3 37 71
3 37 71
3 37 71
3 37 71
3 37 71
3 37 71
3 37 71
3 37 71
3 37 71
3 37 71
3 37 71
3 37 71
3 37 71
3 37 71
3 37 71
3 37 71
3 37 71
3 37 71
3 37 71
61 93 33
61 93 33
61 93 33
61 93 33
61 93 33
61 93 33
61 93 33
48 83 1
48 83 1
48 83 1
48 83 1
48 83 1
48 83 1
48 83 1
48 83 1
64 30 1
64 30 1
64 30 1
64 30 1
64 30 1
99 58 25
99 58 25
99 58 25
99 58 25
99 58 25
99 58 25
99 58 25
99 58 25
74 63 31
19 41 0
19 41 0
26 60 5
26 60 5
26 60 5
26 60 5
96 9 65
96 9 65
96 9 65
96 9 65
96 9 65
96 9 65
96 9 65
96 9 65
96 9 65
96 9 65
96 9 65
96 9 65
96 9 65
64 13 29
64 13 29
64 13 29
64 13 29
64 13 29
64 13 29
64 13 29
64 13 29
64 13 29
64 13 29
64 13 29
64 13 29
64 13 29
64 13 29
64 13 29
64 13 29
64 13 29
64 13 29
64 13 29
64 13 29
64 13 29
64 13 29
64 13 29
64 13 29
64 13 29
64 13 29
64 13 29
65 31 0
65 31 0
65 31 0
65 31 0
65 31 0
65 31 0
65 31 0
65 31 0
65 31 0
65 31 0
65 31 0
65 31 0
65 31 0
65 31 0
65 31 0
65 31 0
40 43 21
40 43 21
40 43 21
40 43 21
40 43 21
61 84 6
61 84 6
