2000
450 450 1614315120
449 440 0
440 434 0
432 427 2
422 430 179
414 423 179
406 416 5
396 414 114
390 405 5
381 399 8
381 389 8
378 379 10
375 369 11
365 370 11
355 367 10
345 363 55
338 355 15
328 359 15
318 357 285
309 351 18
300 355 680
291 359 691
295 345 19
288 337 22
279 331 23
269 333 23
263 324 24
257 315 439
249 308 439
247 298 27
239 309 27
239 290 27
232 282 31
238 274 29
244 266 29
243 256 1563
446 459 0
231 315 27
343 346 14
235 249 32
229 240 39
379 360 118
221 233 40
344 336 280
225 323 1692
442 468 0
351 329 280
352 319 1087
387 355 118
214 225 931
290 368 691
248 247 1563
284 376 691
277 383 125
372 404 7
368 381 9
353 309 1087
451 471 36
456 432 0
462 424 58
471 420 0
395 349 511
369 390 9
216 328 1692
473 410 59
270 390 125
264 308 24
218 216 42
355 299 608
481 415 140
263 397 1437
361 291 608
432 471 36
457 478 0
213 207 293
264 406 65
258 414 70
364 281 1672
220 200 293
226 192 293
219 184 297
233 185 297
372 276 1672
422 472 0
216 337 1692
466 473 0
248 413 70
209 181 297
204 171 80
238 415 1177
194 168 243
267 416 174
229 419 712
184 163 243
354 277 1672
184 153 90
365 411 7
376 266 787
270 425 853
413 477 72
241 179 297
183 143 88
175 168 243
383 259 787
180 133 1738
222 282 849
391 253 787
398 245 103
405 238 103
186 125 1738
170 136 93
406 228 1700
162 129 110
219 422 392
406 429 590
212 282 105
196 158 924
212 224 931
390 389 6
166 173 243
276 418 174
184 115 860
381 253 787
459 450 0
239 169 79
298 373 680
156 175 1542
415 228 1700
413 243 1700
420 219 127
191 108 860
185 99 860
230 266 33
284 413 982
148 181 1100
175 96 131
138 184 1100
228 176 79
134 193 733
425 210 129
466 443 123
216 242 132
178 86 131
404 349 511
400 219 1700
257 388 1437
222 431 92
126 199 733
165 92 711
216 439 92
117 194 1899
233 328 527
123 208 1899
111 185 796
199 102 860
390 216 1700
427 225 127
156 86 711
434 208 727
231 161 367
246 162 367
433 198 139
183 77 154
191 71 154
399 436 590
146 82 1501
142 72 157
384 207 155
475 475 220
132 69 157
433 188 552
127 60 1371
442 186 552
211 414 422
280 403 352
259 378 1437
355 408 913
117 216 152
442 176 170
439 436 1
419 484 72
374 207 390
197 63 1005
434 417 179
190 55 163
447 480 57
447 480 57
374 197 369
372 187 369
111 224 177
121 51 171
111 49 171
306 363 680
429 408 183
157 178 1542
373 177 369
214 318 28
449 169 172
136 57 157
475 444 140
409 357 647
418 354 647
129 56 1371
372 167 195
442 213 1391
409 216 111
452 159 197
279 333 23
362 189 390
381 185 369
457 150 983
365 159 581
394 427 590
447 221 292
252 370 735
273 305 252
278 296 1107
439 165 170
262 340 371
367 149 232
466 463 0
366 139 232
366 139 232
131 213 733
440 477 45
259 378 1437
450 230 292
352 192 390
432 186 552
292 408 982
206 108 542
367 376 9
368 157 203
426 490 224
212 448 667
281 355 691
242 282 29
298 400 125
418 363 647
433 156 170
387 365 647
466 402 64
412 347 647
201 188 597
362 129 556
344 272 577
344 262 577
115 233 177
396 366 647
455 215 292
250 395 1437
391 379 1546
294 329 19
355 121 244
482 481 168
191 45 504
359 389 62
458 140 206
458 140 206
458 140 206
347 114 253
215 104 542
390 441 877
460 469 0
272 434 273
272 434 273
213 346 1692
196 36 182
349 104 492
351 352 14
427 352 1423
116 242 524
123 73 659
280 439 574
241 424 86
222 97 786
358 100 492
218 455 667
347 345 269
462 131 257
358 345 12
420 439 0
368 297 608
249 380 1437
229 90 1551
335 364 15
482 450 140
220 168 80
472 394 64
334 264 577
342 315 43
377 243 103
458 235 435
221 223 42
474 384 288
228 166 137
193 195 724
226 207 293
177 68 162
364 92 308
193 104 860
269 443 273
117 251 524
111 259 524
358 83 276
216 89 1551
216 89 1551
420 372 193
371 125 556
324 261 289
272 350 854
185 201 724
356 374 9
257 423 853
385 372 647
464 121 257
385 449 877
409 252 103
433 444 0
337 110 911
456 244 435
148 168 1745
463 157 983
113 73 659
445 463 0
277 364 585
463 111 315
238 89 275
442 447 0
483 490 263
473 429 140
457 253 435
299 336 19
355 109 492
399 339 511
436 349 1423
361 116 492
377 455 866
247 91 424
472 161 955
459 101 1392
421 482 72
489 474 377
459 91 340
253 266 1563
233 338 1692
307 397 125
429 361 1423
459 81 343
228 412 392
473 151 983
226 460 667
296 416 574
256 86 1541
212 463 234
481 159 955
220 352 1692
369 462 1602
406 206 205
149 79 157
430 398 183
399 402 5
346 402 54
270 380 125
229 103 1551
315 266 309
426 364 437
228 182 79
111 39 864
381 210 291
451 189 158
289 349 20
158 99 711
355 159 977
248 100 958
125 241 1779
196 108 860
470 454 123
373 470 1602
215 193 293
460 71 348
463 148 983
167 71 142
196 148 924
138 166 1288
335 330 280
468 91 315
475 97 315
289 394 125
390 183 369
369 215 291
411 261 746
240 398 363
330 102 319
469 71 343
383 199 369
450 207 1391
295 319 332
259 439 273
198 26 182
133 157 1288
133 157 1288
380 125 556
382 474 840
441 340 1912
269 290 554
229 469 667
483 168 955
203 141 924
203 141 924
342 193 776
115 30 864
396 329 48
248 185 916
484 384 64
233 477 1342
414 270 746
471 128 257
118 41 864
359 458 403
324 251 289
332 190 410
227 402 392
330 117 911
228 89 1551
180 209 724
330 180 227
454 62 380
493 382 64
213 472 354
360 326 1087
367 243 122
272 342 371
212 136 924
130 49 1371
465 258 1193
434 332 631
437 391 183
237 301 27
265 323 25
134 147 1288
437 224 727
433 352 1423
408 334 48
124 144 400
325 93 260
286 446 982
300 424 574
300 424 574
272 316 24
234 111 433
234 111 433
234 111 433
480 483 168
112 268 1456
262 450 273
124 82 1501
434 322 631
432 174 170
268 410 174
447 148 197
447 148 197
470 374 294
236 158 137
258 76 424
325 197 776
124 134 444
114 143 400
316 88 393
114 175 384
456 262 1193
456 262 1193
484 92 731
268 370 125
268 359 854
391 204 144
136 82 1501
475 365 294
390 320 48
172 203 536
239 377 214
243 477 1342
226 359 487
301 404 125
416 279 746
239 319 27
348 415 913
260 351 854
423 158 1439
421 148 739
451 142 210
485 82 472
370 130 556
470 266 1193
445 66 348
454 124 490
487 422 330
369 110 492
410 324 48
308 429 574
408 196 358
316 78 445
174 156 93
288 433 574
187 61 1005
438 410 183
438 410 183
339 202 776
466 108 315
116 201 1899
446 386 505
388 373 647
239 240 35
315 200 956
113 277 1456
331 170 1255
479 123 548
244 486 1493
407 485 99
241 332 527
214 171 80
338 418 96
381 253 787
254 107 1852
134 244 1341
357 242 94
404 273 1901
254 333 218
414 447 318
172 79 142
170 146 502
479 262 1193
448 53 427
189 20 1475
189 20 1475
264 299 215
184 217 49
480 105 315
416 416 3
112 286 454
122 277 1456
400 203 144
199 131 924
347 244 94
484 270 531
262 67 464
488 120 417
134 254 1341
466 146 983
378 463 840
260 114 958
141 260 1126
417 210 205
411 456 318
275 306 449
296 382 680
376 147 581
479 392 64
116 294 514
109 301 539
99 302 559
463 209 292
131 233 1341
89 303 514
131 279 732
131 279 732
84 312 1019
298 397 125
355 339 12
325 74 661
424 231 127
112 207 1899
112 207 1899
112 207 1899
317 429 486
235 171 367
331 66 661
345 296 47
264 57 1814
123 286 454
123 301 558
384 175 209
267 372 125
306 194 465
335 57 569
298 373 680
230 120 408
139 284 732
89 293 454
459 218 292
428 435 179
369 479 403
333 247 246
132 288 540
314 275 1107
219 470 802
468 220 292
214 208 293
82 321 566
341 235 543
73 325 566
377 104 492
267 458 273
133 301 579
260 259 1563
74 334 598
397 313 334
397 313 334
380 316 478
435 460 0
81 340 598
455 485 185
236 347 487
432 235 570
330 160 1069
75 348 566
448 268 1193
400 303 717
340 48 584
142 303 685
353 260 94
148 295 685
349 45 618
234 212 293
362 448 316
362 448 316
349 250 620
420 403 193
73 357 610
491 162 339
491 162 339
449 334 1912
268 467 273
278 439 273
63 360 615
445 43 532
419 320 705
351 464 403
127 42 864
234 394 392
446 133 490
375 289 608
375 289 608
150 263 1126
473 61 394
134 137 440
250 352 487
412 378 1664
246 495 1493
270 49 1814
119 21 638
335 427 486
212 359 1692
262 42 1814
80 288 514
275 474 1768
275 474 1768
124 310 558
356 141 232
123 91 1501
345 35 622
334 96 260
60 369 615
146 172 1745
457 329 631
445 33 1476
59 378 634
230 436 274
463 321 1626
113 94 1501
313 389 680
55 387 662
345 281 577
253 37 545
227 129 433
477 221 292
455 460 0
400 389 627
400 389 627
67 316 566
327 370 312
171 125 104
449 97 1648
175 150 93
232 409 392
156 299 1091
390 167 1132
452 441 0
144 250 1126
382 95 771
143 147 1288
314 368 285
357 379 231
180 192 311
252 270 216
221 394 392
167 211 536
111 59 169
236 496 481
454 198 1400
265 88 1541
279 44 1814
57 312 679
183 182 243
181 45 504
421 348 647
425 337 705
139 137 690
382 363 511
50 396 1079
159 187 311
160 119 112
244 403 250
469 201 596
443 258 317
148 96 711
283 34 1814
398 319 48
52 405 1079
226 476 1342
273 311 252
345 54 576
492 488 453
188 225 49
198 225 49
337 373 312
433 312 631
425 228 127
323 58 1314
383 483 840
492 110 516
472 113 257
159 265 986
157 207 536
157 207 536
284 366 691
399 253 787
422 188 552
413 337 48
416 179 552
258 95 1541
242 193 623
480 356 477
478 177 370
196 179 243
386 332 48
408 297 717
387 308 717
399 163 1102
497 169 407
355 267 94
355 267 94
355 267 94
71 282 1019
390 89 771
230 426 86
58 412 709
90 340 566
289 26 716
481 56 884
424 421 3
268 119 1089
268 119 1089
72 272 1019
248 28 653
248 28 653
273 450 273
478 197 713
50 418 718
283 479 1768
464 274 616
389 121 1533
44 426 768
216 412 422
51 432 768
50 366 1195
335 226 599
398 116 876
187 234 724
161 62 382
45 440 772
80 363 610
449 145 197
343 91 268
446 414 1
357 374 231
217 129 1738
381 279 747
481 393 64
486 177 713
87 369 610
47 308 702
213 202 597
124 230 1779
139 227 1341
460 434 0
138 179 1100
313 209 1622
157 196 536
492 152 350
51 447 774
314 53 1314
233 452 667
211 235 132
249 429 853
427 221 727
37 310 791
315 245 289
442 456 0
442 456 0
442 456 0
37 446 772
37 446 772
365 401 54
362 306 608
59 452 1586
473 321 1626
406 313 334
434 146 239
131 220 1779
165 302 1091
402 256 787
334 270 577
34 426 1032
34 426 1032
67 409 718
67 409 718
378 218 291
464 487 611
114 306 558
68 451 1008
68 451 1008
124 319 1711
449 277 1193
159 310 685
159 310 685
274 84 1313
179 17 1475
277 119 1089
449 23 665
412 474 83
227 386 480
407 112 489
490 444 199
391 473 840
128 328 1711
128 328 1711
458 19 665
435 33 635
237 298 27
425 32 848
304 274 1107
150 117 711
274 408 352
297 358 192
465 283 1193
304 214 807
77 448 1008
410 324 48
371 386 9
191 125 1738
191 125 1738
439 95 1648
320 158 515
136 56 1371
338 185 883
402 460 553
80 457 1123
317 397 680
354 287 1672
348 25 660
451 264 1193
343 324 280
96 373 781
445 66 427
331 235 289
384 142 686
408 431 590
428 244 128
428 244 128
455 382 1787
40 362 1195
387 360 248
366 189 390
479 71 387
361 121 222
469 313 1626
416 37 848
29 303 1676
62 271 1019
238 32 673
297 31 1083
297 31 1083
407 31 850
28 434 823
481 346 742
245 18 764
31 454 772
416 360 647
281 319 252
131 337 1711
127 15 1180
354 17 870
429 96 1648
396 230 103
133 23 1180
133 23 1180
52 273 889
477 106 731
286 16 1068
42 269 889
352 129 244
433 258 317
383 412 7
451 372 1267
451 372 1267
234 201 297
269 128 1089
287 395 352
487 48 884
269 34 1814
310 96 319
493 95 537
461 372 1787
210 161 520
359 346 12
359 346 12
413 160 1439
413 160 1439
72 400 1490
32 355 1195
216 252 132
397 485 840
243 185 916
233 232 512
215 360 1692
125 28 864
307 105 423
469 259 1193
469 259 1193
429 195 552
22 449 894
447 75 348
224 199 297
414 464 318
363 12 870
338 165 1069
293 309 397
275 486 655
487 200 713
211 391 841
492 378 414
490 73 491
304 224 807
77 353 610
458 181 370
325 227 875
173 180 243
236 129 674
244 81 424
364 354 12
366 21 870
98 344 757
207 117 1738
207 117 1738
207 117 1738
285 310 397
285 310 397
285 310 397
359 403 96
16 457 941
34 262 907
448 254 990
332 316 385
467 53 380
343 156 1069
254 300 439
361 189 390
361 189 390
302 309 397
21 296 888
89 455 1123
310 438 574
458 171 955
499 69 952
68 449 1008
181 242 778
115 149 384
98 456 867
276 13 920
424 253 317
259 293 535
43 352 1195
288 487 1636
161 108 711
291 473 1636
133 346 1085
436 132 818
436 132 818
434 103 1648
442 61 874
368 109 492
496 496 722
446 396 1630
191 210 724
187 87 154
64 333 600
440 233 570
54 426 768
81 330 566
57 351 1006
36 344 1195
297 485 1636
404 410 5
427 127 997
20 427 823
227 412 422
269 261 1563
352 193 390
95 285 454
126 35 864
461 451 0
461 451 0
305 246 289
216 460 667
216 460 667
216 460 667
488 279 1528
407 122 489
59 261 1161
312 152 515
34 294 889
42 401 1079
314 358 285
86 353 610
295 12 1083
488 38 759
16 441 894
264 448 273
32 252 907
449 13 839
482 357 477
134 355 1085
466 303 886
396 358 511
150 314 685
298 100 423
253 482 602
420 100 842
12 291 980
317 407 352
317 407 352
265 433 273
265 433 273
233 286 849
306 84 468
221 445 667
33 242 1039
366 149 232
244 91 424
424 284 746
68 381 662
302 149 1084
239 405 712
239 405 712
491 28 1036
268 291 554
131 269 732
304 14 1083
362 179 390
488 258 938
33 274 889
262 270 216
184 35 1475
249 37 545
324 108 1366
324 108 1366
331 43 584
12 466 941
57 368 634
33 232 1057
147 210 425
483 21 1036
323 35 1077
312 162 515
141 341 1711
278 357 854
361 331 568
229 36 890
297 140 1084
297 140 1084
168 266 986
168 266 986
489 165 355
469 138 548
227 298 438
168 314 685
51 320 679
150 340 1711
417 129 927
162 201 536
338 22 870
412 188 552
218 178 80
171 245 778
171 245 778
491 288 1528
312 309 385
276 27 920
455 281 1193
423 138 489
100 334 1009
311 114 423
167 235 723
167 235 723
430 89 1151
18 473 1078
212 79 154
140 362 1085
342 459 637
31 222 1080
31 222 1080
484 366 951
61 441 1008
61 441 1008
443 99 1648
163 252 1104
483 321 1626
367 267 1672
412 432 590
442 284 1060
365 411 913
391 193 475
363 413 96
371 450 866
440 203 158
171 10 1613
26 213 1120
183 196 311
403 171 1102
25 203 1120
25 203 1120
25 203 1120
391 436 877
60 280 753
474 271 1193
34 201 1137
78 466 985
407 247 103
347 411 96
264 51 1814
410 99 842
143 350 1085
371 29 961
83 295 1019
54 331 600
462 61 380
240 9 896
347 168 1069
427 22 848
366 488 729
80 276 454
445 219 441
124 175 796
118 64 169
469 172 955
254 56 464
137 210 1081
137 210 1081
212 228 42
251 10 1173
28 192 1146
160 290 1091
257 24 653
140 334 1711
300 75 1055
406 279 1901
256 387 1437
195 79 154
51 444 1008
131 47 864
149 104 711
137 217 1341
335 382 725
335 382 725
335 382 725
120 280 454
294 275 1297
80 404 1490
242 455 301
133 7 1721
133 7 1721
384 427 212
470 293 1043
227 457 802
56 339 1006
446 245 990
222 80 424
336 467 637
259 471 301
375 227 103
396 468 840
464 274 1193
204 102 963
496 421 496
43 199 1080
219 112 786
32 402 1032
175 272 986
33 411 1032
9 281 1049
229 45 890
316 167 1255
254 19 1173
269 251 1563
302 283 1107
18 189 1140
294 271 216
485 248 938
486 187 767
439 23 635
323 321 385
284 329 252
228 489 719
152 323 820
152 323 820
429 201 139
456 225 292
456 225 292
274 89 1313
358 384 55
358 384 55
358 384 55
219 240 931
428 12 635
422 391 193
384 152 581
384 152 581
196 26 267
125 100 1395
304 56 1314
170 256 986
139 15 1364
83 413 1490
328 325 385
218 491 719
218 491 719
378 21 961
411 145 927
299 292 1107
449 345 1912
181 80 1005
461 486 73
491 479 453
97 465 1147
350 177 977
233 460 802
132 229 1341
411 150 927
363 2 945
402 91 1151
380 164 581
241 149 463
171 42 1475
294 109 1089
240 467 1342
52 202 1080
450 390 1630
359 385 55
80 447 1123
196 90 154
370 326 1087
168 284 1091
481 30 974
141 371 1085
141 371 1085
141 371 1085
171 59 298
171 59 298
295 425 574
317 439 574
140 29 1552
326 78 661
326 78 661
22 357 1011
191 185 243
499 22 1065
221 137 295
163 163 1745
415 197 552
376 302 608
403 429 114
395 210 144
212 398 695
98 382 790
326 83 445
252 344 487
295 301 1107
38 285 889
38 285 889
423 440 318
302 445 982
302 445 982
487 38 919
487 38 919
363 471 403
363 471 403
254 403 70
326 468 1198
356 478 1305
356 478 1305
328 19 1083
249 199 623
306 86 921
319 84 445
389 127 1533
384 345 48
224 105 1551
266 370 125
372 13 945
372 13 945
335 281 577
478 194 713
150 290 1172
150 290 1172
16 365 881
16 365 881
468 248 435
310 355 285
96 353 1034
223 331 1692
498 449 843
290 261 1187
290 261 1187
123 157 384
60 461 815
13 419 1015
230 24 890
386 379 118
386 379 118
233 460 802
157 235 1113
253 454 273
345 291 47
345 291 47
448 20 839
142 371 1085
181 67 163
181 67 163
181 67 163
181 67 163
181 67 163
181 67 163
152 90 372
40 270 889
400 379 1546
51 356 1195
237 329 527
462 78 343
373 100 492
373 100 492
157 346 1096
145 380 1118
145 380 1118
138 39 1180
138 39 1180
339 120 911
154 379 1118
263 284 216
279 465 1768
132 368 1085
151 68 157
371 119 492
146 240 1341
75 262 1161
154 250 1126
122 153 384
134 309 1711
116 126 466
199 45 182
199 45 182
415 289 746
415 289 746
431 2 1234
481 149 355
481 149 355
248 48 464
243 246 35
299 363 691
299 363 691
24 370 881
420 219 127
450 114 495
124 353 1085
477 41 884
140 116 852
179 280 1208
476 463 377
285 457 1768
285 457 1768
438 214 1391
306 184 513
467 463 220
467 463 220
245 419 86
8 409 1336
285 125 1089
250 116 1852
11 399 1390
231 445 667
305 262 851
305 262 851
305 262 851
249 401 1177
469 182 370
362 438 1134
84 262 1161
161 337 820
15 179 1216
15 169 1418
349 338 280
478 153 339
451 43 532
441 377 437
406 37 887
406 37 887
212 399 695
12 434 1015
332 456 637
50 344 1195
296 87 921
311 150 1212
483 311 1626
288 4 1068
288 4 1068
18 159 1419
70 359 615
279 373 125
406 82 1151
406 179 1292
284 278 1297
230 12 1157
174 30 1475
98 474 1254
37 437 772
37 437 772
286 412 352
62 323 679
24 480 1116
43 318 1097
367 306 608
240 484 1342
240 484 1342
23 243 1039
27 157 1888
22 489 1116
128 262 547
6 299 980
141 28 1552
245 272 236
245 272 236
192 117 860
192 117 860
34 150 1888
34 150 1888
328 185 865
328 185 865
346 10 870
59 322 679
92 412 1490
129 108 1395
361 116 1372
397 338 48
397 338 48
441 212 1400
174 49 1277
465 62 380
234 368 214
236 95 364
309 78 1314
246 232 1387
335 476 1305
359 326 1087
359 326 1087
153 301 685
339 104 260
27 339 1155
436 246 990
436 246 990
148 158 1745
88 382 790
312 219 807
303 386 680
262 466 273
325 278 1321
236 273 33
381 297 747
465 25 1540
310 406 352
266 425 853
145 389 1118
139 104 1181
139 104 1181
139 104 1181
139 104 1181
441 161 197
441 161 197
441 161 197
395 178 1292
37 140 1454
119 166 384
385 263 787
439 24 635
374 144 556
319 61 1314
319 61 1314
319 61 1314
32 485 1448
437 438 328
413 233 1700
413 233 1700
481 78 387
476 438 140
75 262 763
212 429 113
132 93 1501
265 323 25
361 446 1134
469 303 886
395 97 771
44 335 1155
132 122 852
44 132 1509
401 148 748
434 322 631
253 482 1493
472 374 294
253 284 991
253 284 991
120 91 659
458 48 1476
288 93 1313
176 194 311
212 369 1477
87 467 1147
289 292 1297
412 392 627
135 386 1500
135 386 1500
478 187 713
7 370 1390
214 110 963
161 37 1475
161 37 1475
161 37 1475
182 264 1241
326 363 285
463 387 241
86 396 1490
271 3 909
291 251 1332
52 299 889
121 117 1395
265 274 1368
154 29 1552
407 125 1099
390 283 606
390 283 606
19 252 971
19 252 971
54 211 1080
221 163 287
253 324 26
190 44 504
430 253 990
35 371 881
336 301 47
351 444 1527
330 51 728
377 194 369
83 394 1490
83 394 1490
301 236 1023
61 198 1570
495 466 1397
213 99 1551
57 431 1008
57 431 1008
36 392 775
460 9 847
318 142 863
420 262 416
74 389 1490
10 257 1568
10 257 1568
456 306 668
456 306 668
272 61 1814
398 187 1292
495 272 531
396 34 1424
167 207 536
400 475 840
400 475 840
96 421 1469
96 421 1469
96 421 1469
298 433 574
343 305 47
343 305 47
398 494 932
498 102 730
142 125 711
162 36 1475
312 19 1083
308 61 1314
400 324 334
157 117 711
320 251 289
393 140 1533
163 374 1118
387 459 866
312 230 807
312 230 807
312 230 807
191 261 1555
476 337 895
233 141 1262
234 394 250
17 391 1390
453 418 58
453 418 58
61 217 1080
384 13 1784
462 129 257
320 117 423
317 472 1308
315 9 1614
286 282 1545
51 138 1509
180 25 1475
76 252 1523
254 0 1170
484 440 199
259 316 439
24 147 1888
324 334 385
324 334 385
436 122 997
436 122 997
487 86 472
259 30 653
334 337 43
362 114 492
274 286 216
274 286 216
471 350 742
99 276 454
133 376 1085
288 398 352
263 482 1493
231 309 28
350 452 1527
421 329 705
422 390 360
482 58 884
336 211 776
336 211 776
336 211 776
336 211 776
497 411 496
149 272 732
364 287 282
291 483 1636
305 491 1636
312 445 1280
47 281 889
14 237 1453
488 368 951
488 368 951
336 400 362
148 191 1100
305 139 1431
174 306 1396
421 393 1664
378 85 1359
200 163 924
200 163 924
223 70 424
223 70 424
314 378 680
245 307 27
242 341 1296
243 207 623
128 43 864
350 149 975
350 149 975
38 302 791
437 155 458
225 153 295
388 242 103
388 242 103
477 253 938
212 218 293
449 427 1
9 194 1120
9 194 1120
9 194 1120
448 182 172
310 499 1481
310 499 1481
141 318 1045
466 358 1536
472 481 263
472 481 263
93 482 1544
40 122 1645
266 26 920
239 240 1387
17 334 1486
60 141 1639
130 32 1180
130 32 1180
40 489 1335
240 469 1342
240 469 1342
142 398 1500
453 111 1392
254 274 1537
254 274 1537
352 434 1415
352 434 1415
468 171 983
360 326 1087
351 444 1527
330 484 1305
330 484 1305
230 377 1477
205 150 924
404 339 242
47 218 1080
306 157 1084
306 157 1084
5 170 1418
346 461 637
169 170 957
297 0 1068
41 383 775
41 383 775
41 383 775
251 463 301
267 297 215
38 112 1645
304 378 1690
170 337 1096
142 323 1711
142 323 1711
397 232 1700
376 4 1319
465 226 292
312 484 1636
260 460 273
486 297 1528
345 214 776
345 214 776
495 12 1286
215 261 132
215 261 132
303 477 1636
191 34 1573
269 59 1814
301 84 1055
290 465 1768
420 402 193
194 270 1555
28 112 1645
453 88 682
224 107 1551
74 371 781
146 234 1341
265 382 1437
140 383 1118
303 441 982
303 441 982
399 23 893
488 329 895
488 329 895
452 406 1630
478 329 1626
366 284 1672
421 453 318
242 457 1750
218 176 80
327 371 285
405 385 1546
58 150 1639
132 358 1085
9 383 1390
241 355 487
389 21 1784
196 12 1238
196 12 1238
453 113 495
440 180 228
140 126 1612
18 109 1775
64 132 1639
42 132 1463
23 277 1071
269 96 1541
305 4 1068
305 4 1068
497 261 531
408 286 606
294 52 1240
403 193 1292
448 254 470
153 372 1118
229 312 30
193 139 1738
449 382 1267
449 382 1267
159 165 1745
411 312 636
177 230 723
261 260 1563
245 61 464
67 247 1523
383 471 1602
28 282 1298
169 332 820
398 325 1472
483 405 60
134 23 1721
252 290 976
252 290 976
469 218 596
330 202 1666
132 398 1500
307 157 1084
307 157 1084
118 107 1470
118 107 1470
118 107 1470
460 159 983
43 293 1676
407 168 1439
220 50 1211
178 331 1096
189 220 724
205 156 924
289 309 1297
232 120 674
16 211 1120
371 311 608
361 101 1001
354 329 1420
354 329 1420
354 329 1420
354 329 1420
147 406 1500
78 421 1188
445 157 197
445 157 197
334 174 1255
326 493 1481
478 52 644
114 351 1393
228 339 1692
228 339 1692
168 21 1475
168 21 1475
32 129 1645
280 49 1814
280 49 1814
471 360 1536
471 360 1536
471 360 1536
471 360 1536
234 150 295
96 431 1604
483 373 951
142 236 1779
453 388 1787
220 346 1868
369 497 729
369 497 729
492 58 952
22 180 1216
22 180 1216
278 487 993
278 487 993
268 399 65
444 106 1648
271 74 836
172 339 1848
160 319 820
68 469 1335
315 70 1314
142 201 733
419 199 552
398 299 606
230 9 1157
230 9 1157
498 480 342
240 119 1852
228 193 297
226 349 1692
124 252 524
124 252 524
66 122 1806
482 407 64
459 350 1712
67 209 1570
28 166 1888
331 115 1366
214 402 1426
466 341 1656
157 154 1288
477 87 508
477 87 508
477 87 508
356 406 96
124 189 138
315 225 1622
315 225 1622
84 350 610
181 289 1396
392 106 771
359 268 94
359 268 94
359 268 94
445 352 1423
322 452 1428
357 153 211
38 477 1335
9 328 1719
60 443 1586
302 491 1709
292 493 1012
146 43 1552
434 494 224
434 494 224
20 99 1775
47 475 1335
286 115 1406
286 115 1406
447 325 631
447 325 631
139 61 1371
496 143 1384
496 143 1384
415 85 1151
400 289 1901
400 289 1901
267 448 273
420 89 1151
220 374 1477
220 374 1477
380 402 8
50 386 1079
39 287 1676
184 57 1347
467 42 1540
244 377 214
183 139 1819
311 235 807
279 75 1479
279 75 1479
483 470 1397
483 470 1397
396 369 1355
308 292 1107
10 115 1775
127 198 1899
178 35 1475
263 1 1642
438 362 1423
376 479 403
1 187 1705
207 132 1738
118 260 1456
118 260 1456
84 487 1715
84 487 1715
345 476 1305
348 234 626
352 159 1158
352 159 1158
352 159 1158
403 158 1846
400 13 1784
168 188 1542
377 36 1600
164 383 1817
72 238 1641
363 198 390
488 130 1950
295 66 1479
474 96 508
