50
934
43 48 0
46 67 1278
39 83 1219
41 107 1212
36 123 1041
40 133 945
37 143 922
39 153 919
49 169 848
55 189 766
53 214 691
50 224 688
46 233 647
42 249 620
40 259 610
41 269 607
54 286 1682
70 295 535
89 305 1328
103 312 470
112 297 453
116 280 426
118 263 350
124 238 412
139 224 401
161 205 1023
168 201 367
188 190 768
210 198 384
216 206 109
214 216 101
213 226 93
219 245 84
234 259 474
244 281 1345
257 294 265
266 317 662
283 343 849
293 347 598
310 370 22
333 385 17
340 393 16
359 399 14
369 401 13
377 408 12
387 410 8
395 417 7
412 427 5
425 438 3
441 444 1
450 450 0
