2000
450 450 447586750
440 448 0
434 439 0
433 429 0
423 426 2
416 418 1693
406 420 1693
396 418 1693
388 411 7
381 403 7
382 393 7
371 404 1093
438 420 1042
361 402 1093
434 456 0
380 383 994
351 399 13
382 373 994
381 363 1002
386 354 1002
341 398 13
382 344 495
373 338 21
389 337 495
370 328 67
360 324 346
353 316 136
343 312 136
341 302 27
344 292 25
331 299 27
324 291 1732
444 456 0
314 287 1732
304 288 33
347 282 1400
299 279 33
296 294 33
333 404 534
294 270 33
286 263 39
277 257 40
323 405 38
267 256 1248
354 275 1400
315 411 38
425 460 14
397 331 495
305 413 42
318 420 900
257 259 1248
247 254 1318
403 323 495
240 246 803
295 415 48
314 429 38
308 437 152
232 239 53
222 240 185
214 246 185
285 419 54
238 231 53
360 267 1404
459 449 0
231 223 53
294 257 39
352 297 25
402 339 495
379 325 67
233 213 61
226 205 929
446 414 0
232 197 929
275 420 60
292 405 656
412 320 973
367 260 826
337 279 35
233 187 929
369 250 1404
286 297 37
230 177 78
230 177 78
265 419 106
255 417 1420
220 173 438
427 469 14
374 241 320
245 417 1420
222 163 438
212 159 85
202 161 218
235 417 250
225 416 88
256 407 106
384 316 67
467 444 0
192 157 91
230 157 81
232 147 81
238 139 98
360 292 1400
216 411 88
234 426 88
378 231 1048
187 148 91
287 407 54
381 221 1048
247 140 233
254 133 295
224 165 438
394 403 7
178 142 1326
388 213 1517
397 214 1517
170 148 1326
400 204 1517
173 133 112
263 128 269
401 194 1517
160 150 1326
326 414 498
152 156 115
226 432 215
266 137 269
405 185 911
260 118 108
265 109 109
420 315 973
414 181 911
228 142 98
303 256 33
168 123 745
212 401 950
165 158 1326
159 117 745
353 331 346
426 307 1198
417 171 911
242 211 61
152 166 1176
311 250 559
216 435 1309
270 100 853
148 175 1176
216 392 950
266 90 127
421 187 911
152 109 745
143 104 148
168 113 745
419 161 835
326 425 573
274 84 143
421 151 129
278 74 153
476 442 96
133 100 149
212 179 438
300 443 197
123 99 1153
136 90 149
115 105 1153
429 297 137
223 404 589
318 256 559
138 178 1176
438 299 1175
429 287 137
287 70 240
213 444 1309
117 90 157
409 159 835
143 83 148
177 112 248
177 112 248
128 178 1176
422 141 1543
415 433 2
296 67 240
399 155 835
361 282 1400
418 131 177
447 301 1175
240 418 84
235 254 803
301 75 153
270 67 1069
260 68 625
310 79 153
112 114 711
450 404 1636
143 150 115
316 71 186
152 183 1176
320 395 1203
377 211 353
313 445 573
142 73 511
121 185 166
121 194 570
111 183 811
415 459 14
111 81 171
430 188 911
305 88 153
456 304 183
409 332 495
325 73 193
296 57 169
120 203 570
119 212 570
112 219 210
410 467 46
465 301 206
249 425 1420
261 145 269
218 139 435
205 186 485
155 140 1184
155 140 1184
302 49 209
148 65 511
271 145 269
256 58 1069
126 89 149
315 454 197
335 424 996
410 124 1708
304 284 33
427 277 137
401 118 1708
118 226 814
231 166 438
360 283 1400
422 268 427
216 382 1038
334 72 193
115 235 1356
218 452 1309
274 94 126
342 66 208
185 106 1007
324 248 559
339 56 417
371 360 1002
416 116 331
123 169 1430
187 138 97
473 307 206
265 408 106
345 48 1018
288 50 155
431 478 32
323 458 1258
118 244 1043
369 204 720
369 204 720
333 250 595
142 186 1176
421 183 911
310 240 559
439 184 911
439 184 911
229 262 803
212 372 1038
255 142 98
332 81 189
449 464 0
248 149 81
445 473 268
431 140 154
219 461 1309
341 38 1018
447 179 262
227 271 803
252 48 224
421 107 331
157 61 1128
340 28 1018
112 252 1356
468 291 350
280 148 216
430 262 540
375 265 826
291 448 197
366 273 1400
366 273 1400
230 280 342
158 190 1176
158 190 1176
309 462 197
114 163 414
290 148 282
456 175 274
243 149 81
310 43 209
249 204 477
318 385 1203
127 228 814
438 268 427
299 146 817
196 134 435
410 344 495
359 247 1404
301 234 261
333 315 410
418 329 495
402 349 495
419 347 1395
473 282 350
452 394 1636
307 471 197
131 81 161
166 62 538
309 33 221
332 459 1258
254 38 326
143 56 1128
349 33 598
371 274 1400
307 151 293
124 220 814
435 470 32
306 225 261
414 306 1198
262 48 187
237 286 867
224 376 1038
395 220 1517
395 220 1517
405 133 1478
464 179 274
460 312 1723
228 461 1309
127 207 570
364 194 720
256 397 1544
471 172 294
391 203 1517
471 272 1132
326 238 595
239 295 444
409 205 1517
426 98 709
147 91 150
363 353 245
276 293 37
246 62 188
445 482 270
455 295 1175
469 162 294
118 259 367
363 241 286
469 152 351
453 455 0
358 33 1555
461 395 669
119 268 367
247 391 1544
120 277 367
310 419 45
334 90 205
215 362 1496
113 284 360
228 470 239
387 228 1048
127 256 982
470 142 354
390 426 178
244 303 444
416 211 590
216 421 88
216 421 88
165 52 456
318 375 1203
429 88 823
212 352 328
289 286 229
309 160 301
299 477 226
367 31 319
289 480 865
262 389 1544
262 389 1544
425 215 1558
465 386 910
438 85 823
281 409 106
454 484 270
250 116 730
143 140 745
463 483 268
303 97 548
321 82 189
334 468 1258
481 287 350
156 107 135
461 269 1132
199 170 218
129 280 409
137 285 409
217 274 342
217 274 342
237 67 1373
291 78 143
391 117 1708
111 293 933
231 58 1649
136 259 982
345 338 446
343 90 362
335 19 598
374 380 994
140 159 1176
139 195 1176
428 224 1558
306 57 179
306 57 179
181 128 248
341 408 534
416 408 3
409 429 178
444 77 344
109 302 933
394 359 1011
279 482 865
421 298 1198
444 92 344
434 130 271
343 470 1576
468 376 1166
342 11 598
332 99 205
403 225 1517
213 157 89
148 193 1176
450 69 344
222 195 929
424 485 253
195 187 1286
253 434 1420
381 114 1710
446 59 423
269 300 37
345 269 35
354 357 413
375 26 693
375 26 693
382 19 519
259 29 326
101 308 933
476 263 350
120 77 313
287 396 656
229 479 767
163 71 538
103 317 451
440 400 1636
402 459 202
151 130 219
300 38 209
391 16 860
312 169 321
461 183 1791
404 475 213
253 20 450
337 40 417
420 230 1558
251 28 317
318 156 1650
472 483 355
284 139 817
369 293 68
425 270 427
162 99 745
456 260 1132
247 229 53
314 219 324
142 276 409
381 33 319
252 10 466
100 326 451
90 329 451
81 324 451
225 207 69
437 220 890
189 97 1007
189 97 1007
391 148 969
174 48 674
246 144 233
108 331 424
219 474 239
421 356 1011
407 357 1011
152 202 884
176 38 490
357 411 1728
243 158 81
473 294 350
247 194 139
211 481 864
380 277 473
390 29 860
478 475 355
74 331 451
327 107 205
428 234 890
322 96 205
322 96 205
153 93 475
364 367 15
350 463 1739
64 331 1899
374 312 68
108 340 492
415 489 439
56 324 780
370 21 1555
133 220 558
288 457 197
192 196 1286
58 339 506
412 398 421
54 314 888
196 90 1007
450 310 128
204 185 1286
480 170 338
105 349 492
58 349 1472
460 295 350
147 148 115
363 418 1093
436 412 1042
343 479 1576
455 55 437
184 88 1007
323 116 205
434 284 1175
424 439 1
424 439 1
424 439 1
315 209 324
246 106 390
460 285 1132
259 304 444
281 78 240
230 300 547
365 291 1400
441 50 443
377 396 7
377 396 7
322 443 573
475 133 990
237 466 1309
449 55 443
157 210 884
330 271 955
372 119 1710
286 409 106
352 85 362
313 97 548
477 451 63
55 358 1472
289 386 298
361 198 720
401 16 860
44 310 780
136 205 558
378 267 826
115 106 1153
343 428 996
316 471 226
134 248 982
487 475 505
55 367 1472
463 278 1132
463 278 1132
163 167 440
222 292 342
427 341 973
389 274 473
459 370 311
293 488 865
448 100 428
216 300 342
442 124 429
246 407 250
403 234 679
55 376 565
159 219 884
429 227 890
223 153 89
350 263 1404
269 482 426
181 29 490
313 24 315
294 377 298
326 228 165
357 426 1093
485 262 546
259 313 1009
117 122 958
343 327 346
343 327 346
309 106 1119
465 256 1132
117 332 771
34 309 518
421 365 1011
478 123 990
318 365 1385
318 365 1385
332 406 534
482 304 214
48 336 1156
305 297 1732
392 349 495
125 336 771
480 113 612
388 344 495
399 165 835
56 385 577
240 98 545
159 229 884
254 54 224
420 241 235
481 103 621
45 377 577
65 387 577
476 316 206
418 390 421
491 484 471
225 279 342
402 174 339
369 185 196
417 472 86
73 392 1269
59 394 577
482 483 471
127 326 771
410 17 860
56 304 888
242 9 466
222 63 1649
344 488 1576
313 355 1214
330 29 296
330 29 296
262 474 596
262 474 596
200 125 730
418 463 46
482 483 471
310 397 1203
82 392 675
82 392 675
461 246 608
151 274 409
419 14 1602
148 65 511
97 355 530
261 379 1544
86 401 639
160 100 745
212 342 328
182 197 1286
448 423 0
224 359 1352
315 56 417
289 470 226
468 239 476
180 78 1687
99 364 663
172 23 490
153 71 511
240 219 61
396 267 1438
271 57 1069
471 185 1612
84 410 665
243 42 276
243 42 276
243 42 276
390 416 7
292 367 298
112 314 933
389 126 489
394 475 465
363 124 904
187 204 1286
342 18 598
242 277 1318
463 493 389
315 34 296
404 262 1438
406 298 1060
45 358 1472
368 390 9
409 161 835
255 387 1544
428 11 568
31 299 569
324 211 600
335 240 595
461 47 537
469 118 1369
407 110 331
35 355 617
145 116 460
114 99 711
308 386 1203
215 489 493
130 195 570
29 289 569
420 180 911
484 135 990
455 77 387
363 212 1021
39 293 569
26 279 721
472 473 355
175 13 490
263 321 1009
395 484 465
327 375 1385
27 269 716
463 307 206
228 135 594
140 73 173
130 91 149
53 402 640
53 402 640
267 23 880
435 277 137
46 409 640
356 340 346
271 386 566
230 98 1303
230 98 1303
230 98 1303
230 98 1303
95 403 665
169 136 112
257 329 603
36 382 565
350 320 136
24 259 1328
267 371 739
267 371 739
435 336 1308
362 334 346
114 68 453
470 48 537
475 113 612
130 109 1153
384 306 68
152 143 745
372 350 245
372 350 245
86 419 1402
474 194 1612
252 277 1248
397 105 331
460 360 1166
262 484 426
478 239 476
88 428 1232
352 480 1576
121 310 933
466 263 1132
444 338 766
463 264 1132
246 125 108
314 144 1650
338 230 815
351 195 720
130 311 1245
77 314 451
300 396 42
438 229 890
293 137 817
407 172 339
18 250 749
321 349 446
457 378 311
448 168 262
121 288 360
323 316 410
323 316 410
323 316 410
451 285 1175
279 61 155
421 313 973
37 413 992
130 119 958
217 72 1368
303 174 379
303 174 379
274 131 269
91 437 762
245 263 1318
242 382 383
182 5 597
372 19 693
345 437 996
453 486 349
132 168 1176
445 492 349
117 177 247
117 177 247
122 86 313
154 220 884
349 248 1404
349 248 1404
264 145 269
264 145 269
189 76 1687
274 416 106
446 473 268
366 393 9
416 98 331
337 344 446
156 282 1797
372 283 95
334 491 1576
361 481 1118
454 190 1627
228 62 1649
220 357 1496
485 161 529
323 201 705
414 481 638
395 185 1023
379 256 826
401 252 679
24 242 1328
326 150 1657
53 294 888
340 76 267
474 39 707
271 325 1029
32 421 737
382 286 95
382 286 95
471 29 707
471 29 707
125 127 958
462 23 707
276 260 40
224 125 730
253 126 108
406 96 331
45 300 525
233 57 1649
259 118 109
349 42 244
349 42 244
377 31 381
249 323 444
36 429 796
378 333 495
216 453 1309
297 472 226
427 134 154
258 294 347
37 299 569
447 271 1132
215 202 1286
263 464 1734
34 364 699
275 86 143
313 147 1650
266 387 1544
453 59 437
190 27 490
97 444 769
10 242 785
274 47 680
402 86 854
402 86 854
121 61 313
182 212 1286
225 308 370
57 285 1532
354 306 25
81 305 451
367 132 489
451 247 476
91 346 483
159 268 1436
460 295 350
316 480 226
24 366 872
25 232 838
263 80 625
349 347 446
239 76 1373
343 418 996
284 306 37
417 200 911
462 34 707
385 135 489
27 409 992
27 409 992
129 344 642
165 10 1550
447 379 458
461 405 669
407 200 1517
407 200 1517
407 200 1517
78 432 1232
352 329 136
311 304 1732
440 328 1308
166 211 884
29 317 518
77 340 1899
400 6 462
389 164 835
267 33 880
185 183 218
475 383 357
30 437 844
303 426 152
274 112 109
225 214 64
225 214 64
359 461 1739
364 255 1404
130 289 409
438 170 129
411 188 911
25 222 896
25 222 896
216 117 852
473 250 476
305 451 197
305 451 197
409 441 178
115 52 313
115 52 313
115 52 313
81 342 1899
323 366 1385
361 87 562
361 87 562
240 408 589
338 306 27
387 315 67
260 42 326
199 23 597
337 291 30
34 233 1328
474 179 332
134 134 391
352 492 1576
316 218 324
79 382 675
464 170 294
143 292 360
481 32 842
422 2 568
422 2 568
422 2 568
478 52 719
391 171 1023
391 171 1023
487 51 755
389 327 495
434 348 584
233 357 1352
417 24 1602
482 22 842
151 260 1436
14 367 895
224 89 1303
439 83 344
485 439 156
153 237 592
454 282 1175
418 461 14
392 347 495
392 347 495
437 357 584
152 295 1245
226 368 702
460 138 1024
43 307 518
44 386 577
44 386 577
398 394 524
160 300 401
365 427 1093
467 464 355
318 124 1650
195 35 490
482 390 386
494 442 156
387 384 994
247 312 444
436 294 1175
253 443 1145
363 434 1093
206 115 1171
462 321 1723
280 301 37
330 449 1258
420 380 633
488 397 1000
137 348 1249
234 303 370
330 19 598
330 19 598
333 201 1169
322 49 417
482 429 156
122 45 198
358 232 353
366 489 1118
382 197 1517
436 148 138
438 292 1175
444 226 890
268 122 109
20 436 796
268 334 1296
483 252 452
255 111 853
459 286 1132
134 258 982
78 400 639
175 64 538
366 114 1710
283 488 865
239 385 359
323 325 824
428 160 129
90 302 451
443 441 0
138 249 982
138 249 982
19 312 569
374 382 15
155 11 1550
377 244 79
399 431 422
349 77 841
233 42 646
146 351 1249
128 81 313
385 216 353
231 316 547
149 360 1249
149 360 1249
490 285 350
319 265 955
393 326 495
134 125 958
428 386 458
57 275 1705
457 14 850
457 14 850
65 270 1705
65 270 1705
358 137 904
254 85 625
313 401 42
455 237 890
372 38 319
314 196 544
150 210 558
375 136 489
426 335 973
123 179 247
379 185 196
444 142 1024
225 298 342
281 476 865
281 476 865
281 476 865
188 219 1286
492 59 968
261 322 1009
124 259 367
389 492 726
185 66 1687
237 483 767
237 483 767
336 263 955
390 426 1049
369 475 1118
314 449 197
17 214 896
197 218 1286
152 183 1176
139 338 642
443 388 1636
360 244 1404
71 424 1232
226 394 950
234 227 53
234 227 53
118 35 1020
118 35 1020
300 462 197
18 204 936
271 80 146
375 427 1093
259 364 750
121 51 198
256 393 1544
213 465 864
137 132 391
137 132 391
385 479 690
295 89 548
17 406 1433
446 358 584
179 96 1007
166 307 1341
322 39 296
447 12 551
184 15 490
333 191 778
153 81 511
153 81 511
27 200 936
336 414 996
443 280 1175
229 289 342
9 208 879
381 274 826
10 317 919
190 121 248
364 342 760
196 116 1007
236 108 775
153 72 1128
18 445 796
204 138 435
423 432 3
283 428 45
427 134 154
241 312 444
241 312 444
241 312 444
383 372 1002
24 190 1109
405 214 1517
142 125 460
54 348 523
306 246 131
70 321 1899
312 489 312
69 437 1232
265 333 1112
489 41 755
468 355 1166
395 351 495
71 262 1705
71 262 1705
471 18 903
465 383 910
365 410 1093
24 180 1151
340 220 815
232 6 645
209 129 435
452 474 268
455 386 910
340 449 1006
434 311 1198
158 175 440
433 391 1636
415 260 1438
132 128 958
145 14 1424
143 138 533
467 345 1166
341 69 208
178 152 1326
404 487 638
286 315 901
262 446 1145
351 129 889
24 170 1130
19 293 569
396 280 325
261 7 735
408 253 697
151 369 1281
413 290 137
413 290 137
304 197 544
427 330 973
144 220 814
7 403 1120
17 204 1096
29 399 992
341 402 16
188 228 1097
133 146 759
421 32 1602
263 355 750
263 355 750
0 242 785
481 300 500
443 405 1636
482 93 629
479 492 471
344 351 446
42 228 1546
244 400 589
471 287 350
481 375 1166
20 160 1189
369 263 286
28 154 1189
476 360 1166
271 396 106
399 102 331
333 230 706
452 26 551
111 27 1437
468 249 476
442 22 551
224 460 1309
24 144 1219
75 414 640
370 225 353
370 225 353
475 143 990
255 306 444
226 203 929
226 203 929
488 450 156
28 308 518
355 206 720
457 427 0
18 454 1028
315 258 33
131 288 409
237 225 477
451 473 268
281 284 37
130 335 771
91 452 802
133 110 1153
137 326 771
428 319 1198
362 301 515
362 301 515
79 372 891
79 372 891
359 451 1739
406 312 75
268 38 880
448 394 1636
224 386 1038
224 386 1038
484 355 1222
36 267 1328
20 463 1142
327 388 1203
281 443 159
65 358 1472
164 316 1341
308 14 598
308 14 598
196 103 1007
464 454 0
464 454 0
484 231 768
488 68 719
421 317 1198
59 440 796
299 385 298
139 348 1249
415 449 46
415 449 46
470 408 669
260 281 1248
215 210 929
140 46 318
125 68 313
125 68 313
388 392 994
327 43 1018
133 357 1281
324 306 27
457 462 0
149 227 592
268 360 750
237 85 625
114 17 1437
216 333 667
379 435 1093
397 331 495
499 41 1160
221 115 852
460 411 669
18 211 1096
250 286 867
390 96 1710
457 341 766
237 435 215
348 454 1258
265 71 1069
385 24 860
60 321 888
361 23 1555
361 23 1555
236 394 589
417 341 1395
267 273 1248
10 159 1151
375 112 1710
165 181 440
459 402 910
114 153 247
75 444 914
75 444 914
185 173 218
153 378 1056
42 259 1705
42 259 1705
148 387 1327
482 323 1528
382 102 1710
96 393 675
115 323 771
351 277 234
1 164 1446
29 466 1243
318 245 165
482 83 1212
482 83 1212
175 307 825
169 324 1341
159 85 511
333 220 1225
358 127 889
358 391 13
492 153 832
492 153 832
464 194 1627
119 302 933
336 324 410
249 360 1112
10 462 1028
10 462 1028
401 194 1517
124 238 814
426 122 429
426 122 429
14 325 919
158 361 1052
490 423 1019
396 311 1060
123 359 907
123 359 907
311 159 321
425 416 3
16 426 844
235 89 740
448 133 1079
448 133 1079
171 298 1875
439 399 1636
240 88 625
263 81 1069
371 145 904
246 485 767
7 217 879
368 9 1555
444 239 890
444 239 890
335 250 595
306 467 197
166 38 456
18 333 919
337 388 20
236 128 730
236 128 730
67 445 914
282 70 155
31 373 872
239 34 646
490 31 842
33 179 1130
274 15 735
411 368 1011
199 13 597
251 267 1318
251 267 1318
430 89 344
369 303 515
313 317 790
62 405 640
7 226 785
355 273 181
355 273 181
240 167 81
240 167 81
213 407 164
14 368 895
14 368 895
460 4 1064
175 13 676
175 13 676
427 472 323
10 357 1409
40 371 565
76 253 1163
0 173 1151
183 301 1875
275 417 388
56 331 1156
374 9 806
376 328 67
149 49 222
202 180 218
283 127 801
152 285 401
482 43 755
152 396 1327
150 159 1176
445 236 890
445 236 890
26 385 747
67 285 1532
16 276 716
149 232 626
140 36 1287
420 282 427
464 364 1166
96 460 1250
7 431 1120
367 154 1375
351 7 1555
173 288 1797
277 123 801
15 174 1151
213 475 1115
138 358 1281
138 358 1281
148 405 1429
282 138 817
91 469 1250
152 414 1429
152 414 1429
67 454 1324
460 203 1627
83 475 1324
374 484 1118
42 180 1130
405 276 325
22 134 1231
22 134 1231
455 126 1369
285 495 865
442 431 0
442 431 0
442 431 0
493 432 156
265 410 820
381 236 1048
381 236 1048
60 340 514
300 129 1451
375 196 196
375 196 196
233 400 950
233 400 950
394 156 969
394 156 969
232 229 57
232 229 57
157 422 1453
230 440 1309
19 318 919
285 86 873
18 124 1461
66 377 1269
129 182 1176
482 150 962
218 230 58
163 378 1360
118 254 1356
462 69 423
31 133 1231
31 133 1231
242 372 702
388 94 1710
388 94 1710
477 302 500
485 429 981
378 412 1093
410 352 495
451 433 0
76 422 1232
183 44 490
341 80 267
19 114 1486
19 114 1486
19 114 1486
396 493 726
323 60 671
43 218 956
299 458 197
416 108 331
416 108 331
26 427 796
393 220 366
11 417 1120
11 417 1120
219 265 264
94 334 451
488 346 1222
321 165 1365
321 165 1365
168 118 745
248 96 545
318 14 598
474 350 1161
137 318 1245
137 318 1245
234 366 1496
82 305 451
126 30 1287
125 138 958
125 138 958
484 160 832
346 414 534
15 471 1028
15 471 1028
15 471 1028
15 471 1028
433 119 429
401 168 835
279 389 566
279 389 566
32 259 1328
291 134 1451
427 172 911
28 110 1461
160 29 1383
115 353 516
115 353 516
115 353 516
115 353 516
346 29 273
346 29 273
474 340 1528
440 227 1431
440 227 1431
122 12 1533
143 4 1550
143 4 1550
133 203 570
474 179 332
56 274 1705
336 357 446
240 327 1003
168 81 538
360 228 1021
408 186 911
426 198 911
426 290 137
277 398 1544
297 418 45
71 276 1532
364 481 1458
49 210 1512
49 210 1512
221 80 1303
492 390 1000
13 347 1415
466 263 1132
466 263 1132
470 315 1723
33 245 1328
33 245 1328
33 245 1328
33 245 1328
33 245 1328
33 245 1328
33 245 1328
413 220 590
255 101 1031
378 476 1118
378 476 1118
223 44 646
159 431 1453
290 480 865
127 320 771
156 440 1482
161 411 1429
395 24 860
446 221 1558
299 106 1119
179 30 490
311 46 209
357 203 720
95 477 1452
290 397 781
97 427 665
51 180 1130
478 222 673
141 140 391
135 31 1287
135 31 1287
135 31 1287
135 31 1287
27 210 936
391 375 1002
29 475 1266
210 145 435
279 462 521
239 262 803
39 378 1416
39 378 1416
262 424 1420
444 211 1603
444 211 1603
442 114 588
392 193 1517
161 0 1412
157 54 456
157 54 456
392 88 1224
166 356 1360
443 421 1465
51 226 1215
240 148 98
485 271 310
14 242 785
291 124 801
14 232 1640
14 232 1640
40 133 1231
74 460 1324
183 236 1097
374 391 9
133 59 198
233 84 1373
334 144 1657
310 77 186
285 148 282
200 151 91
200 151 91
136 257 575
230 328 1299
358 149 1375
321 279 33
321 279 33
25 279 716
25 279 716
471 69 719
404 112 1708
475 140 990
182 313 1341
182 313 1341
182 313 1341
491 440 156
427 222 1558
444 407 1636
444 407 1636
233 39 1596
173 54 314
324 132 1650
55 188 1130
55 188 1130
173 102 174
339 152 1657
96 383 675
473 78 719
60 224 1215
152 449 1600
33 483 1620
475 274 546
492 93 756
391 393 111
199 93 1273
489 369 1166
61 180 1611
61 180 1611
417 359 1395
236 492 1376
426 432 2
426 432 2
33 101 1549
412 88 709
412 88 709
342 364 700
342 364 700
342 364 700
265 370 664
161 148 1326
32 91 1549
352 119 889
67 275 1532
403 340 495
227 464 1309
399 143 1478
407 149 1543
389 116 689
389 116 689
222 250 185
454 272 1132
151 369 1056
215 36 1596
290 60 169
0 211 1403
45 430 796
379 297 95
76 287 1532
76 287 1532
76 287 1532
465 335 1182
212 211 1286
352 421 996
274 352 1296
274 352 1296
380 426 1093
407 391 524
491 103 756
299 29 461
325 309 306
171 128 745
272 437 1145
348 232 815
276 316 1009
426 172 911
240 493 1376
382 444 942
410 7 568
299 400 656
299 400 656
180 109 1139
424 169 129
41 88 1695
473 373 1166
6 393 1409
6 393 1409
6 393 1409
23 390 1433
388 333 495
388 333 495
342 354 446
43 189 1512
43 189 1512
242 360 1352
166 419 1601
150 32 1424
150 32 1424
150 32 1424
379 104 1710
391 445 942
225 72 1649
225 72 1649
279 330 1029
248 290 867
248 290 867
59 350 1472
385 34 860
144 420 1450
144 420 1450
39 127 1494
322 138 1650
322 138 1650
322 138 1650
171 372 1360
61 396 577
61 396 577
229 93 1303
476 9 1165
358 401 13
359 1 1443
359 1 1443
33 165 1168
280 22 923
397 127 1708
155 209 558
155 209 558
354 368 413
278 269 1248
450 205 1627
403 290 325
56 264 1705
56 264 1705
272 5 1394
353 157 1657
168 265 977
372 432 1093
236 374 804
0 358 1409
408 400 421
225 33 1596
368 36 319
368 36 319
172 150 1326
395 210 1517
407 26 1602
407 26 1602
39 237 1328
5 471 1028
12 106 1486
12 106 1486
307 105 393
408 114 331
408 114 331
408 114 331
23 85 1695
199 203 1286
231 449 1309
260 145 269
482 483 471
260 14 450
260 14 450
332 439 573
30 188 1130
447 335 1308
454 440 0
34 302 569
384 405 7
353 377 700
119 177 811
356 374 413
45 440 1718
83 485 1457
372 415 1728
421 396 421
229 83 1303
229 83 1303
138 368 1448
138 368 1448
173 349 1635
95 417 665
392 458 459
87 357 891
138 300 1245
14 455 1028
437 292 1175
355 381 1346
353 437 1006
353 437 1006
143 454 1600
138 266 409
142 168 1176
142 168 1176
434 218 1558
181 226 1097
40 319 518
30 121 1461
213 122 1171
137 228 814
364 290 1400
364 290 1400
73 431 1504
345 207 1169
392 346 495
332 379 1385
332 379 1385
321 300 1732
22 118 1461
478 203 1612
344 371 1830
385 223 104
385 223 104
350 486 1576
171 278 1797
49 390 577
49 390 577
472 490 471
472 490 471
54 380 577
10 377 1409
116 366 1551
168 433 1757
21 75 1703
40 489 1683
118 244 1356
371 497 1088
371 497 1088
443 31 551
46 120 1772
306 452 197
65 305 888
495 469 505
189 12 597
346 149 1657
231 379 1038
85 249 1163
293 498 585
90 322 451
413 420 1693
40 205 1512
449 445 0
176 113 1525
405 35 504
405 35 504
356 261 1404
356 261 1404
80 413 1402
80 413 1402
50 90 1745
155 10 1550
9 295 1190
216 96 1303
115 130 849
21 65 1884
332 333 824
468 9 850
468 9 850
394 138 489
151 250 1436
251 385 1544
462 331 1723
277 113 801
81 323 1899
419 89 823
419 89 823
41 249 1328
274 411 106
264 454 1734
242 85 1373
315 186 1073
315 186 1073
171 442 1883
308 428 152
335 272 955
98 486 1608
98 486 1608
59 86 1745
176 161 440
409 105 709
247 485 767
129 362 907
129 362 907
180 342 1841
38 338 617
402 205 114
402 205 114
488 336 1528
328 448 1824
182 284 1875
1 251 785
222 179 438
276 128 801
18 55 1915
213 498 502
388 466 459
255 349 1112
477 157 962
56 120 1772
56 120 1772
56 120 1772
336 145 1895
329 344 1214
266 397 1544
266 397 1544
266 397 1544
177 180 440
228 417 88
145 176 1176
342 459 1258
456 95 428
313 286 33
249 221 477
409 466 213
471 214 1612
9 169 1446
361 192 1607
372 475 1118
372 475 1118
368 457 1739
368 457 1739
194 80 1687
194 80 1687
5 480 1353
456 200 1791
307 273 33
307 273 33
60 393 624
38 463 1337
351 16 1555
351 16 1555
39 399 992
246 405 94
375 194 196
375 194 196
499 52 1277
420 190 911
134 270 409
471 499 392
