141
27769
100 200 0
98 205 15547
101 210 5716
98 214 3435
103 215 3329
106 211 3292
111 212 3246
115 209 3086
120 209 2925
122 205 2867
124 201 2857
129 199 2555
134 199 2334
139 197 2182
140 193 2148
140 189 2117
145 187 2091
148 183 2049
149 179 1927
152 175 1867
152 170 1813
153 166 1665
155 162 1643
157 158 1515
162 157 1459
165 153 1426
170 153 1362
174 150 1323
179 148 1288
182 144 1148
186 141 1138
191 139 1119
196 142 1092
201 140 1086
206 142 1067
211 141 1058
216 140 1026
221 141 983
226 143 960
231 141 949
236 139 944
240 143 888
245 144 885
250 142 876
253 138 874
256 134 869
261 134 805
266 137 797
271 135 790
275 139 778
280 138 774
285 141 773
290 144 755
295 144 736
296 149 727
300 153 711
305 155 706
310 158 693
315 161 692
320 163 675
324 167 639
326 172 617
323 176 599
321 181 585
317 183 584
319 188 561
318 193 558
318 198 553
316 203 491
320 207 470
322 212 457
324 217 456
326 222 444
331 225 403
336 224 399
341 225 378
346 226 370
349 231 369
354 234 366
355 239 365
360 242 360
363 247 347
366 252 346
364 257 337
363 262 333
367 266 329
372 267 310
377 267 300
382 270 287
385 275 270
389 279 264
394 281 251
395 286 231
398 291 228
396 296 221
400 300 216
404 304 213
407 309 203
412 312 192
416 316 190
421 318 180
426 321 179
426 326 176
424 331 171
427 336 169
426 341 154
429 346 152
432 351 149
434 356 148
439 359 139
437 364 132
441 368 131
441 373 128
442 378 126
445 383 125
450 386 124
453 391 115
458 394 113
462 398 95
466 402 91
471 404 90
471 409 88
476 412 85
481 415 83
479 420 81
482 425 80
485 430 79
489 434 78
493 438 68
498 441 67
497 446 65
496 451 64
496 456 52
495 461 46
498 466 45
498 471 32
502 475 28
503 480 26
502 485 22
501 490 19
500 495 3
500 500 0
