48
919
50 51 32764
38 65 1536
27 80 1480
23 99 1440
26 109 1432
27 125 1426
29 135 1417
26 145 1413
30 155 1392
31 165 1374
34 175 1347
35 185 1322
38 195 1306
46 213 1189
49 223 1001
52 233 928
50 248 916
51 284 1332
83 292 1490
99 297 1300
117 292 1028
120 283 584
122 264 404
123 245 403
147 232 553
171 224 1625
185 215 783
201 191 97
208 199 96
220 226 1234
219 236 227
233 252 1493
254 262 1730
246 280 822
258 309 815
278 333 350
294 360 70
302 368 29
319 393 23
329 398 21
343 403 17
353 405 16
371 413 13
389 407 11
399 411 10
417 418 7
426 424 5
442 432 2
450 450 0
