2000
450 450 677381940
441 445 0
431 442 1
428 432 1
420 425 576
415 416 576
408 408 576
402 399 370
392 400 6
388 390 7
378 392 8
386 408 63
373 383 9
375 373 1098
371 363 1098
363 356 14
357 347 14
408 391 1157
414 383 370
347 349 14
363 384 10
406 421 576
359 337 14
352 329 16
337 351 290
346 320 16
329 357 686
354 315 23
356 305 27
356 295 28
321 363 686
366 330 14
312 357 686
302 360 172
293 354 32
351 285 27
342 279 84
285 360 33
335 271 1854
341 263 35
340 253 35
331 247 39
275 361 228
349 248 711
352 238 711
356 229 1303
321 243 39
378 414 744
371 421 744
361 220 1303
313 236 46
310 226 67
370 222 1303
266 365 228
266 365 228
373 212 49
262 355 60
362 426 98
252 351 56
242 347 157
265 374 228
374 202 726
303 218 67
408 418 576
273 380 228
378 193 726
413 432 2
314 250 38
384 185 478
232 347 157
223 352 116
219 361 116
309 210 51
213 369 116
308 200 703
379 427 744
289 344 34
317 198 703
352 424 98
352 414 47
321 372 1096
378 356 1269
449 459 0
365 290 1550
346 301 25
415 373 1157
385 175 478
215 345 116
394 172 773
379 427 744
305 190 74
419 364 111
393 162 559
269 389 228
374 288 1550
392 152 806
349 268 35
348 433 98
379 436 214
378 445 214
399 145 806
407 140 987
404 437 66
428 367 111
211 378 159
384 145 806
402 160 987
213 335 401
211 354 116
404 130 100
421 415 576
437 368 1198
397 122 105
211 325 748
416 136 106
309 180 90
227 366 1616
372 184 726
383 285 1550
455 441 0
302 172 90
213 315 748
400 112 109
395 410 63
410 164 773
447 433 119
318 176 115
441 358 261
406 104 109
424 130 101
301 162 120
288 334 76
403 94 122
394 89 122
384 89 784
264 345 34
374 143 806
392 281 537
211 305 748
267 398 228
384 135 806
397 272 855
392 182 1676
406 446 660
362 181 726
340 439 322
439 455 0
371 321 1114
355 362 13
211 387 159
217 297 748
374 91 784
303 238 67
371 81 784
409 86 128
331 443 1272
364 201 49
252 352 56
433 132 114
235 371 1616
359 171 156
442 127 269
422 378 370
321 440 1272
448 351 261
279 328 76
344 230 542
350 220 1303
444 117 269
450 131 269
359 244 711
368 390 10
330 375 508
330 375 508
336 302 25
303 162 120
304 152 175
263 407 228
294 148 175
341 311 25
286 141 178
380 154 559
272 410 349
330 365 686
211 288 772
276 142 178
276 142 178
267 136 185
257 132 187
357 277 118
282 382 228
282 382 228
247 131 188
361 84 784
384 348 1269
379 296 410
319 449 1272
375 454 214
242 121 188
458 136 1165
297 333 76
232 124 192
370 431 744
311 456 1272
307 142 176
306 256 67
419 145 987
419 145 987
416 171 773
277 318 165
395 442 1282
419 160 124
351 82 1251
342 414 47
407 455 660
342 76 1251
446 468 0
269 310 209
239 111 187
223 129 188
242 337 157
464 437 0
312 160 126
236 101 218
228 94 223
218 90 977
456 123 161
444 107 129
289 388 379
425 174 773
433 178 773
462 144 1165
218 137 192
322 381 1096
387 301 410
332 74 1045
330 64 1251
218 393 159
455 472 0
406 268 855
441 476 82
391 263 94
212 401 382
473 437 221
324 55 1251
456 355 261
352 442 99
302 132 204
462 478 0
312 379 1096
218 394 159
229 137 192
243 365 1616
379 307 410
437 429 125
366 280 118
362 228 1303
296 258 67
453 483 238
258 416 866
302 461 1272
441 376 1198
208 136 232
435 187 773
405 172 773
377 127 351
453 110 337
388 163 478
213 81 977
430 141 817
372 174 478
454 150 211
463 361 261
390 192 1676
323 45 1780
200 129 219
190 125 275
294 453 203
182 118 276
463 427 119
247 373 60
367 122 338
396 304 1227
435 196 773
372 113 351
330 293 179
172 117 276
202 144 232
239 130 188
162 119 286
355 376 171
261 123 737
152 122 289
471 146 1165
322 77 1045
271 319 165
415 268 855
252 424 866
142 121 292
460 103 337
319 390 1096
275 130 180
444 200 263
261 321 165
221 405 382
431 480 0
431 480 0
352 163 478
132 119 1520
122 123 308
409 149 987
453 198 263
394 99 431
458 206 342
476 446 221
206 152 251
206 152 251
206 152 251
467 209 1403
471 366 795
115 115 308
260 304 295
368 461 336
116 131 309
258 392 228
478 139 1405
378 339 14
229 400 382
364 470 336
158 109 289
360 114 338
259 294 217
328 36 1780
212 98 977
354 474 322
111 139 1311
382 460 214
434 120 269
364 143 270
464 417 279
287 460 260
203 161 359
469 218 1403
316 143 176
345 377 171
219 73 224
360 370 13
222 318 748
367 104 284
295 395 379
242 93 218
374 138 806
214 278 772
424 271 855
427 470 0
114 148 1311
116 157 1311
236 393 1616
124 162 1868
232 146 1041
349 171 478
216 63 268
320 86 1045
370 155 270
452 342 261
290 469 260
436 99 600
335 451 322
320 66 1251
222 55 1620
430 415 576
463 93 266
120 171 1868
355 451 99
189 111 1385
415 107 109
368 243 1038
386 106 351
351 483 1022
310 395 1096
402 311 527
402 311 527
223 384 1616
454 332 435
471 88 299
111 175 1367
377 239 923
475 427 221
339 244 711
381 216 52
342 272 84
216 414 455
418 434 2
418 83 128
324 183 77
231 55 1620
342 478 1022
421 480 354
421 480 354
340 423 79
238 48 1620
233 332 220
472 155 1165
112 184 1367
437 348 261
210 129 219
327 26 1605
279 467 340
306 368 172
287 252 67
396 319 451
213 423 455
470 132 1405
333 180 1695
243 39 395
469 484 238
270 472 630
250 299 321
349 153 307
226 299 1248
284 477 365
237 404 697
483 422 387
299 323 200
246 53 1273
212 391 382
115 105 974
111 95 308
230 41 1620
339 459 322
277 120 737
384 119 351
374 183 726
374 183 726
411 314 527
463 335 319
468 78 1461
310 66 1512
431 264 855
240 29 395
113 193 385
220 270 772
372 464 210
440 265 990
221 260 1709
416 354 111
309 366 686
465 68 436
239 83 350
369 306 410
232 349 59
414 344 85
331 17 776
399 192 1676
242 19 458
229 410 697
369 187 726
304 122 247
252 36 733
258 28 733
219 250 1890
115 86 722
164 101 969
300 64 1512
118 76 746
449 265 657
229 127 288
323 10 406
124 68 746
257 432 866
465 58 436
421 389 1091
281 260 67
132 167 1868
439 438 0
485 431 243
275 110 737
224 153 1041
367 191 156
358 461 336
338 59 1251
465 111 226
222 34 533
212 30 482
277 305 1413
123 58 746
454 332 364
268 149 178
291 404 379
270 419 349
348 323 16
170 107 969
381 81 151
231 90 223
369 344 14
230 160 1041
247 10 454
429 459 146
429 459 146
124 104 1925
485 145 402
411 481 354
281 102 737
232 22 428
194 165 622
113 56 1522
455 66 366
298 444 163
353 385 171
215 432 1633
294 139 178
225 83 977
231 307 401
112 202 403
475 203 342
238 406 697
469 408 279
318 400 1096
266 22 459
477 358 857
261 284 217
478 485 601
478 485 601
291 330 76
380 364 1098
380 364 1098
452 95 227
419 335 85
360 237 1303
260 474 630
255 368 60
310 88 1446
224 418 697
225 64 511
225 64 511
474 55 436
122 184 1367
404 301 1227
407 465 660
111 211 440
448 58 506
339 385 508
343 243 40
360 486 1110
219 377 159
122 59 746
452 274 826
480 87 299
357 191 49
295 256 67
478 221 1403
325 347 686
368 491 1110
225 242 1890
225 242 1890
275 24 459
482 229 1403
339 427 79
383 204 1676
375 175 478
460 490 238
128 49 485
404 380 1157
304 314 586
444 328 891
256 134 187
265 379 228
393 294 410
338 9 776
195 174 495
494 429 475
469 375 795
456 322 435
484 351 857
190 183 569
182 190 574
433 429 474
422 259 855
165 128 276
313 188 77
213 158 359
474 45 436
314 74 1512
461 272 1420
238 313 401
465 280 1420
323 300 179
435 489 240
356 254 711
356 254 711
465 344 319
329 26 1605
176 198 575
467 486 248
347 59 235
347 59 235
347 59 235
473 164 979
463 416 339
173 185 574
416 122 101
461 464 0
262 465 630
120 179 1367
120 179 1367
413 323 527
257 274 520
228 409 697
184 162 341
284 298 1413
420 405 370
323 136 854
314 84 1512
294 72 767
462 314 435
284 92 1446
221 250 1890
323 70 1251
357 135 338
485 442 314
112 220 513
214 400 425
216 145 251
216 145 251
244 140 185
232 110 198
492 151 402
447 72 1467
230 426 697
230 426 697
291 483 996
135 42 485
390 218 874
414 127 101
221 374 1616
251 469 602
251 469 602
345 452 99
388 339 451
241 470 760
325 126 343
313 433 557
483 40 535
120 225 440
383 205 874
322 116 204
396 421 392
396 254 1019
189 197 574
227 106 625
390 186 1676
380 188 726
296 381 233
144 43 485
302 54 294
294 394 379
352 339 815
452 283 826
452 283 826
200 183 495
432 449 1
373 482 723
357 430 98
333 393 1575
488 221 1375
175 107 1638
163 182 599
216 441 639
279 388 228
211 147 622
489 414 422
116 234 620
307 424 557
398 244 1019
240 86 350
296 474 996
491 230 1375
254 123 737
215 335 401
233 477 760
356 427 98
486 341 319
342 67 1251
340 279 84
233 247 1890
233 247 1890
336 372 344
469 173 979
170 93 1803
124 238 1220
230 125 288
129 223 1220
129 223 1220
129 190 1367
223 476 639
223 476 639
224 168 359
260 415 866
391 209 874
450 441 0
361 412 47
350 117 618
137 129 292
335 224 542
256 337 135
256 337 135
131 230 1220
264 455 340
213 479 694
468 289 614
263 364 228
351 275 35
165 137 276
268 419 349
138 236 1220
347 8 776
484 30 642
440 209 1001
224 408 382
224 408 382
219 486 679
335 189 1695
128 95 974
401 479 354
124 247 1220
447 48 506
358 214 167
314 15 591
483 198 342
379 316 1114
397 465 1282
315 123 204
446 156 211
251 61 350
260 484 630
480 238 1021
284 288 1413
281 132 180
494 443 619
115 252 671
137 194 1031
304 253 67
427 250 1497
405 237 1019
402 430 392
336 320 1126
128 85 1197
363 131 338
227 323 401
491 160 402
312 367 686
481 20 716
342 424 79
112 261 739
336 330 16
474 67 436
227 276 994
236 486 760
236 486 760
461 401 932
261 477 630
444 114 269
254 452 340
308 23 1279
200 192 982
293 48 1279
293 48 1279
293 95 1446
113 270 739
452 314 435
430 110 600
339 341 19
247 289 321
407 197 874
471 118 1405
395 346 1269
337 35 939
240 45 1620
129 34 485
227 397 382
142 244 1220
298 20 1279
361 366 13
245 102 291
362 113 281
223 141 359
289 306 1413
111 279 753
111 279 753
251 359 60
251 359 60
431 422 576
288 108 737
456 431 125
265 492 630
461 391 932
115 287 768
346 75 1251
408 206 874
495 452 619
445 116 269
451 255 657
451 255 657
256 113 737
446 216 1001
215 366 116
380 170 559
477 335 319
260 58 1273
420 110 600
314 305 1552
138 221 1258
214 469 694
268 139 185
118 296 796
370 370 1098
360 356 14
410 154 987
255 312 303
371 360 1269
471 310 807
123 282 768
470 270 657
354 144 418
440 418 125
151 242 1220
444 307 891
112 304 796
361 438 98
405 121 109
120 29 485
437 314 891
437 314 891
111 313 827
124 84 1197
474 95 299
352 183 1695
241 142 624
437 274 990
450 225 1001
428 381 370
428 381 370
160 245 811
160 245 811
377 191 726
451 164 903
101 314 827
470 465 601
93 320 846
168 250 1220
386 421 744
402 488 501
136 197 1031
425 397 1091
321 163 126
409 292 1227
409 292 1227
476 381 1782
301 434 641
207 198 982
283 396 349
459 173 230
174 207 575
420 484 958
381 264 118
232 173 359
281 411 349
125 256 724
390 261 94
83 323 848
418 307 527
418 307 527
132 279 1380
356 9 776
396 232 1019
443 38 725
205 153 622
405 464 660
339 188 1695
214 204 1713
372 259 118
389 354 1269
362 270 118
96 329 846
477 403 279
396 407 63
445 190 903
221 325 748
409 495 397
123 110 1925
102 336 827
427 329 527
75 316 846
261 294 217
145 124 1163
145 124 1163
350 394 47
68 308 846
182 100 1638
104 345 883
346 36 939
98 353 890
346 283 84
425 189 773
386 411 850
386 411 850
120 208 536
304 301 1552
307 265 1707
93 361 901
449 417 125
475 473 601
251 478 760
484 470 847
239 179 865
247 184 865
288 22 1279
288 22 1279
480 311 807
398 357 85
132 242 1220
348 84 1251
158 173 599
403 258 855
149 251 1220
231 260 1709
439 336 891
444 233 443
353 179 726
405 139 987
437 29 875
365 210 726
448 423 125
448 423 125
101 337 883
220 98 977
431 305 527
431 305 527
139 160 1693
332 64 1251
495 406 670
309 313 810
388 238 923
317 259 38
173 258 1623
273 458 340
293 301 1413
293 301 1413
300 101 1446
458 229 1365
482 493 593
240 240 1890
91 370 901
488 206 342
488 206 342
383 246 923
297 62 294
164 262 1623
438 474 216
369 482 336
433 323 891
433 323 891
122 196 536
322 232 39
322 232 39
454 126 161
134 258 920
322 430 97
300 486 996
198 109 977
314 409 213
221 310 748
359 391 171
429 280 990
151 101 329
90 379 909
433 216 1001
229 107 218
99 383 952
454 188 263
59 302 897
99 392 975
224 180 495
125 302 814
227 485 679
146 194 599
439 195 263
393 169 86
302 388 233
430 259 855
432 295 891
378 382 10
258 103 737
80 379 901
252 296 321
363 298 28
313 465 1272
313 465 1272
473 348 319
477 413 279
306 379 233
440 242 443
249 235 1711
334 360 686
491 211 342
243 249 606
478 275 822
478 275 822
478 275 822
167 271 1623
413 491 863
413 491 863
260 430 866
473 195 342
230 289 1248
134 299 821
335 468 322
49 306 897
54 292 897
412 258 855
336 233 542
461 262 657
362 476 336
393 131 105
328 364 686
113 346 934
113 346 934
254 358 60
307 385 1096
328 250 39
272 254 409
153 185 666
92 399 978
412 327 527
311 5 727
43 297 980
73 371 901
83 403 975
350 257 711
446 172 903
283 13 518
258 149 178
353 18 776
479 461 601
33 295 1035
319 106 645
445 145 1106
275 140 185
339 171 360
438 254 443
377 473 723
177 216 764
82 412 1032
397 438 744
328 144 854
33 305 1017
465 39 470
63 372 1036
378 450 214
118 354 1025
336 350 1003
491 476 911
491 476 911
73 417 1037
88 419 981
194 137 275
440 19 875
230 494 757
276 426 858
367 211 726
115 65 746
134 176 1868
262 141 185
267 118 737
459 250 657
459 250 657
237 132 565
402 159 987
208 188 495
53 370 1057
117 261 739
353 252 1038
463 241 1021
287 4 1040
30 285 1035
283 336 76
454 450 0
125 360 1284
366 233 1303
23 277 1084
307 274 1707
438 419 254
438 419 254
63 417 1052
63 417 1052
43 366 1079
341 389 896
97 418 981
398 389 7
293 58 1279
351 303 27
438 224 1001
438 224 1001
337 139 418
337 139 418
419 309 527
424 153 817
461 296 614
427 30 875
288 442 858
391 480 877
401 81 133
113 21 830
483 388 884
406 335 451
406 424 66
488 92 1254
71 367 901
94 338 883
33 369 1095
338 487 1022
170 254 1623
23 301 1055
53 282 897
112 186 1367
174 217 862
348 339 16
137 248 1220
376 238 923
152 48 653
235 188 865
235 188 865
235 188 865
382 273 1550
310 486 996
310 486 996
144 213 1258
125 347 1284
56 272 1457
438 179 903
292 439 858
55 313 897
486 303 820
255 495 760
242 494 760
268 53 1273
268 53 1273
268 53 1273
274 380 228
477 413 279
477 413 279
309 131 204
452 459 0
272 416 349
161 279 924
161 279 924
277 33 459
416 396 1091
438 256 443
326 327 771
370 100 784
14 296 1122
463 146 1165
174 125 276
23 367 1119
459 159 845
496 238 1369
496 238 1369
116 352 1025
30 378 1095
456 349 261
85 333 848
437 151 1106
43 295 980
43 295 980
181 253 842
128 212 962
378 251 923
216 21 482
199 153 287
149 178 922
494 169 953
83 311 827
493 309 918
328 387 1096
377 493 851
416 249 296
416 249 296
325 263 38
438 464 0
147 33 631
147 33 631
46 275 1457
343 379 508
494 30 642
378 99 281
378 99 281
147 91 974
430 405 1091
391 490 851
391 490 851
250 345 157
161 45 653
64 426 1063
62 264 1457
62 264 1457
413 343 85
173 104 1638
360 439 99
441 80 1467
20 267 1089
278 42 733
235 434 1012
436 157 211
370 361 524
127 292 821
318 147 854
58 434 1203
248 225 1711
297 104 1446
146 233 1258
425 317 527
53 442 1203
53 442 1203
282 318 165
282 318 165
143 259 780
417 314 527
417 314 527
152 24 1594
43 445 1217
461 155 1165
325 192 703
342 441 97
22 370 1119
425 222 1932
214 459 679
193 206 764
223 460 762
38 454 1222
418 34 1108
485 404 999
4 299 1122
4 299 1122
307 62 294
33 462 1230
411 483 397
41 467 1239
251 302 818
25 357 1079
338 404 700
328 91 1045
328 91 1045
328 91 1045
473 105 481
354 125 618
462 194 979
430 15 930
168 215 862
351 292 84
442 232 443
143 133 1163
71 433 1063
240 53 1620
329 200 703
36 437 1222
49 471 1247
481 354 857
353 0 776
384 376 1098
62 254 1138
453 318 435
336 449 1233
247 78 350
430 484 958
482 104 1254
161 20 1594
161 20 1594
161 20 1594
310 52 294
217 190 982
438 283 990
419 455 660
488 379 1113
124 337 827
175 267 957
98 408 981
399 290 855
388 148 181
221 158 359
221 158 359
221 158 359
485 427 387
485 427 387
333 81 1251
480 121 1405
480 121 1405
132 57 746
387 311 410
320 486 396
213 71 268
60 244 1270
412 96 829
356 242 1081
84 301 827
84 301 827
352 339 16
362 20 776
173 83 898
27 470 1239
243 418 697
137 141 578
332 77 1251
432 125 269
141 291 821
141 291 821
458 261 657
134 343 1284
134 343 1284
420 276 855
67 323 892
491 494 950
491 494 950
437 470 1189
48 480 1247
239 196 1839
118 50 1522
41 363 1079
408 30 1108
213 50 1620
25 258 1192
438 303 891
438 303 891
438 303 891
438 303 891
438 303 891
360 235 1303
181 263 842
181 263 842
181 263 842
123 220 1176
492 38 1750
492 38 1750
409 110 829
404 118 109
9 287 1161
367 446 99
71 250 1204
155 57 653
155 57 653
371 17 1426
251 345 157
251 345 157
227 363 116
122 138 702
122 138 702
249 486 760
67 296 897
149 285 1380
478 113 1405
413 472 497
420 486 1274
426 28 875
182 81 898
282 410 349
449 245 443
43 282 1123
131 153 1311
121 151 1311
477 263 657
260 46 733
173 94 1803
54 235 1301
238 4 503
330 74 1251
492 247 1369
183 224 1125
57 482 1266
330 479 396
265 465 945
132 252 1220
20 248 1192
27 432 1265
355 36 1605
19 238 1618
215 107 977
83 357 901
258 264 606
272 97 502
372 225 1088
372 225 1088
372 225 1088
50 225 1372
264 66 1273
475 129 231
46 354 1079
46 354 1079
302 133 176
285 429 858
240 150 1041
142 348 1284
56 463 1222
410 454 1282
452 237 443
262 406 182
471 140 231
413 231 1019
161 289 1154
43 314 897
140 98 974
282 51 1393
44 238 1204
489 15 716
296 291 1552
248 266 994
248 266 994
248 266 994
366 196 49
493 47 1750
397 469 877
449 292 826
386 272 1550
343 291 84
17 228 1384
17 228 1384
17 228 1384
362 11 776
67 236 1270
67 236 1270
67 236 1270
493 256 822
493 256 822
270 127 737
485 213 342
485 213 342
12 305 1122
12 305 1122
12 305 1122
275 397 228
19 424 1382
113 362 1025
268 27 459
268 27 459
268 27 459
268 27 459
268 27 459
300 112 457
183 102 1638
261 12 459
261 12 459
303 255 908
303 255 908
26 312 1408
379 293 234
139 285 1380
262 445 945
262 445 945
80 291 1304
53 347 1395
338 327 1126
387 189 1676
444 89 1467
476 140 1405
426 326 891
490 359 857
16 218 1423
3 279 1345
437 102 770
229 12 503
229 12 503
460 266 657
351 199 49
455 422 125
455 422 125
52 292 980
304 494 1299
233 279 1248
481 158 402
452 479 238
380 324 1114
466 227 1403
320 475 1378
320 475 1378
249 30 458
249 30 458
447 431 699
228 480 757
342 312 25
116 321 827
321 79 1251
153 200 599
153 200 599
279 348 34
382 113 351
382 113 351
117 370 1059
261 401 139
413 275 855
441 251 443
420 417 576
490 82 1116
470 388 1782
53 251 1204
89 428 1097
89 428 1097
71 264 1457
21 209 1423
21 209 1423
414 253 296
328 344 1060
320 22 591
306 235 67
296 102 1446
330 385 1096
330 385 1096
148 159 1693
190 115 969
406 249 1019
224 341 450
35 438 1222
160 107 491
162 48 653
128 76 1197
128 76 1197
278 477 630
333 433 97
38 384 1079
142 357 1284
75 333 869
336 327 1126
484 188 953
230 77 448
9 242 1381
9 242 1381
218 212 1713
71 273 1457
71 273 1457
146 366 1527
23 306 1055
111 95 722
485 448 314
284 420 349
496 299 1142
242 333 1201
242 333 1201
242 333 1201
92 308 827
286 98 1512
27 201 1506
242 124 291
383 301 1298
273 62 1273
326 304 174
221 449 762
254 66 1273
254 66 1273
489 239 1375
489 239 1375
238 295 1248
264 331 1085
286 3 1040
96 434 1097
96 434 1097
400 106 829
263 374 60
23 365 1119
23 365 1119
23 365 1119
23 365 1119
23 365 1119
292 87 767
292 87 767
314 60 294
406 390 1157
79 388 975
365 403 47
277 119 737
349 470 479
441 230 1001
344 240 542
24 191 1506
156 366 1527
160 192 599
442 91 1467
287 38 1279
304 364 32
434 22 930
434 22 930
140 335 1284
487 331 681
487 331 681
420 10 1586
20 414 1439
460 178 979
132 24 485
26 181 1580
26 181 1580
236 322 401
66 484 1377
66 484 1377
197 198 859
197 198 859
197 198 859
197 198 859
101 320 827
332 49 939
281 149 178
80 269 1457
412 392 1157
412 392 1157
376 152 806
376 152 806
189 173 504
368 447 1058
436 386 1091
47 386 1079
248 389 324
337 39 1605
34 260 1192
163 63 653
224 68 1531
448 29 875
392 451 214
150 245 1220
223 27 482
390 327 1114
258 146 487
360 195 49
17 435 1265
325 209 703
149 331 1588
454 88 1461
454 88 1461
231 454 762
487 165 687
467 249 1021
467 249 1021
419 268 855
206 106 1385
206 106 1385
142 305 1015
358 267 711
125 171 1868
321 458 1272
388 319 1625
261 18 459
327 139 1216
19 173 1580
19 173 1580
19 173 1580
267 422 866
267 422 866
24 290 1044
249 179 914
301 83 1512
301 83 1512
33 357 1327
444 171 1139
52 215 1392
48 205 1658
48 205 1658
384 289 1550
388 246 923
302 9 727
23 164 1595
328 59 235
450 76 1209
88 408 1032
176 244 842
482 152 402
366 378 13
13 163 1647
219 450 1633
132 106 1925
11 153 1671
180 275 1285
401 213 874
430 238 742
268 371 64
268 371 64
126 349 1284
459 473 601
496 178 953
343 17 776
190 251 1668
190 251 1668
372 243 1177
239 380 1616
239 380 1616
239 380 1616
497 380 1283
65 281 1457
465 187 979
151 138 578
151 138 578
338 214 703
338 214 703
338 214 703
56 486 1324
223 112 690
397 98 122
397 98 122
324 390 1096
174 165 608
334 151 854
467 123 1405
38 427 1265
315 293 1552
315 293 1552
241 280 994
349 460 322
245 239 1005
412 307 1227
235 230 1711
18 146 1664
350 206 49
298 39 1279
364 358 14
364 358 14
364 358 14
364 358 14
364 358 14
11 207 1465
11 207 1465
343 358 290
425 90 375
459 323 435
459 323 435
411 284 855
411 284 855
151 220 1258
85 366 901
434 314 891
363 258 1641
17 349 1656
487 482 911
480 349 319
454 36 725
350 221 45
350 221 45
350 221 45
350 404 47
263 266 606
263 266 606
263 266 606
263 266 606
26 224 1384
390 364 1269
390 364 1269
363 370 13
471 60 436
224 3 1468
357 283 83
179 215 862
35 178 1778
35 178 1778
443 268 546
214 337 1518
214 337 1518
7 313 1538
7 313 1538
7 313 1538
7 313 1538
22 321 1452
248 196 1713
394 289 537
394 289 537
126 43 485
398 201 1676
423 345 111
423 345 111
31 159 1647
240 451 762
230 59 1620
286 78 1570
375 8 1426
375 8 1426
12 373 1565
50 195 1659
87 439 1503
327 64 1374
162 298 1407
457 407 932
15 382 1565
75 486 1698
75 486 1698
17 467 1245
447 85 1461
447 85 1461
159 254 1623
159 254 1623
376 108 351
146 313 1640
487 55 1750
487 183 953
147 14 1594
491 106 1295
424 358 111
338 25 776
286 405 379
286 405 379
1 156 1671
69 380 1036
192 103 1638
267 38 1370
181 115 374
57 188 1659
467 414 279
122 378 1087
122 378 1087
280 472 630
385 157 806
385 157 806
385 157 806
51 180 1778
51 180 1778
248 443 1012
248 443 1012
338 299 179
479 412 999
328 452 1272
423 319 527
423 319 527
470 437 119
430 450 146
430 450 146
498 217 676
469 395 1782
469 395 1782
414 354 85
220 355 116
171 47 653
113 11 830
497 289 1142
315 43 1780
367 353 14
129 384 1808
13 476 1309
470 328 435
248 215 1713
54 170 1814
68 434 1203
36 150 1664
387 391 8
77 476 1882
486 295 1142
322 106 645
493 466 913
313 495 1299
214 169 495
214 169 495
15 136 1714
253 410 1404
249 169 865
341 289 1818
309 476 996
368 487 1185
222 311 748
372 464 336
53 310 897
439 402 1091
13 444 1230
345 129 823
341 197 1695
222 98 977
86 472 1779
270 297 484
95 475 1882
149 149 1163
149 149 1163
460 114 226
298 0 1663
134 14 1594
309 283 1707
30 441 1230
119 310 983
143 268 1380
36 232 1618
63 244 1270
154 265 924
292 128 510
423 463 497
91 463 1779
15 126 1851
114 166 356
114 166 356
114 166 356
114 166 356
37 322 1408
102 307 827
236 268 1709
236 268 1709
246 205 1839
344 319 25
344 319 25
344 319 25
355 400 1575
318 47 1780
169 14 1276
221 221 1713
495 188 953
157 54 653
383 160 806
329 283 1854
447 12 1621
29 244 1618
403 153 987
21 118 1851
87 276 1457
349 385 171
225 226 1713
396 421 1115
70 226 1427
487 368 857
237 441 1772
376 123 351
292 292 1413
16 198 1722
164 4 1795
137 88 1197
137 88 1197
137 88 1197
57 207 1392
375 278 118
331 418 213
146 114 1520
63 166 1814
312 434 163
84 455 1779
250 283 994
260 494 734
141 238 1220
421 241 742
453 92 1461
158 333 1630
121 141 1311
411 179 773
310 34 1834
60 454 1222
60 454 1222
477 321 807
132 157 1868
349 395 1575
7 345 1734
12 391 1783
380 125 140
44 145 1842
44 145 1842
290 323 131
290 323 131
129 133 1311
21 446 1874
186 101 1803
421 318 527
385 363 1269
252 255 1387
400 108 1344
160 135 1163
140 110 1925
133 392 1808
133 392 1808
468 417 279
277 145 178
372 85 151
235 256 1890
25 343 1656
474 211 342
303 397 379
303 397 379
99 483 1865
450 359 261
496 57 1793
350 482 1022
172 9 1918
259 454 707
259 454 707
369 406 47
381 236 955
340 474 1577
348 367 290
165 325 1630
446 473 82
65 182 1778
161 30 1276
422 233 1932
189 274 1337
189 274 1337
160 128 1163
275 465 1810
453 288 1420
453 288 1420
115 65 1522
429 270 973
429 270 973
92 464 1882
92 464 1882
50 137 1946
486 269 822
486 269 822
381 480 1110
